10000
1263  746
1894  688
1789  1484
1088  170
353  1920
1302  1439
1610  1617
32  1806
1617  519
114  636
1585  1322
467  866
1526  1340
566  1190
197  521
1387  485
1346  1709
99  767
678  78
973  217
1981  1294
119  281
209  732
1236  331
1935  1210
504  413
1345  341
595  766
739  455
187  304
29  1150
89  381
1513  1084
597  1358
571  1973
626  1136
1008  1137
1673  510
253  1445
790  952
273  258
718  719
765  47
219  1460
1769  626
1647  533
992  1850
726  1008
951  600
8  420
876  947
745  488
1183  180
1789  152
1307  70
510  984
567  1459
1767  1064
1768  860
630  1625
242  348
1530  1777
937  91
10  1307
1019  194
1793  1775
1965  1481
1882  1883
725  517
788  695
1773  897
270  250
885  886
1030  1091
1970  760
1991  1199
515  1844
612  282
1886  247
11  1197
728  230
662  1264
253  210
848  1310
580  17
1354  1054
1656  895
1849  1279
1830  1251
832  1825
1853  940
851  198
1064  1112
1341  917
1159  722
742  999
141  438
276  126
1201  1807
333  1722
1882  980
1112  1075
528  745
1459  1622
191  1597
1130  1130
803  1239
303  1996
242  1588
654  840
1626  1190
637  1905
1853  792
261  1902
372  703
1988  926
1024  1336
1161  1796
980  1296
240  1758
1728  1620
251  1116
1795  263
1834  991
914  190
632  261
1859  976
739  60
1623  929
1368  617
481  714
997  1829
1860  1535
1129  1446
1279  361
1318  1638
1420  1928
387  1316
1891  825
393  1901
1871  632
1113  1654
1983  226
687  460
958  689
1225  348
1891  677
1639  1200
1666  1378
1835  206
519  968
190  1903
1637  1992
1370  481
1682  1762
19  189
1816  455
300  1270
1127  783
1692  1488
562  83
62  1019
1405  1161
1270  838
1764  374
1858  1911
882  837
1574  405
225  918
543  1796
817  1459
701  225
1631  1875
1367  754
1865  439
1073  1665
401  533
37  1494
1471  864
1227  756
590  1878
1581  1712
591  1557
327  1359
1117  189
296  824
1121  1997
1778  1834
1337  402
45  939
1169  1334
722  1947
194  417
1474  1595
316  1338
629  44
528  1092
323  1563
799  232
1429  92
1005  1711
240  1989
1750  397
576  231
1535  453
367  1187
445  923
279  684
1577  590
304  1214
1893  928
739  1923
1308  1360
881  181
1865  1844
170  1573
1006  1519
855  529
966  1916
1069  1581
1972  2000
518  168
700  1171
1996  346
1130  1607
1426  1481
263  1071
1150  1687
1159  300
498  1921
57  167
614  1777
674  478
1025  1064
627  876
465  347
1074  927
540  86
206  1050
127  625
341  240
805  230
1295  594
1513  1483
515  352
1658  728
83  1517
1934  1808
1379  369
1517  812
1578  508
165  526
84  1165
1051  1298
1133  1731
1470  1676
1896  1946
9  347
434  1456
1053  290
99  642
435  1614
1701  1552
1436  523
748  1269
1851  199
1343  1722
124  750
1176  1727
1037  1212
535  457
1247  1368
94  38
1761  1062
1215  1430
939  1449
1076  1387
595  1880
1197  854
658  118
696  1194
453  880
1577  1002
109  1363
214  1958
511  820
570  904
117  894
30  1571
1489  1321
940  1734
1919  727
1701  1251
1185  1887
353  774
50  942
281  66
1344  1981
439  1550
849  1670
1861  1702
1609  1960
1375  1663
266  1360
635  733
1416  807
541  786
1374  1181
254  389
74  751
1045  360
1920  1752
1253  878
778  295
128  493
1244  1072
1825  1238
1952  162
500  642
1240  1081
725  1074
133  1804
767  616
817  1339
489  40
1874  96
424  1814
793  1980
639  1763
201  587
1659  432
364  1972
1971  1390
81  503
1783  718
651  1132
548  1918
1540  1063
1338  937
175  1201
1490  1972
515  125
1820  1211
412  1334
880  1594
248  1399
408  1786
1209  1380
539  839
886  1182
674  1515
731  1237
927  724
1442  618
727  704
1334  380
44  1611
1393  552
1069  1281
437  1151
1851  1995
719  1130
1809  304
1337  1426
145  1266
868  1522
1051  653
578  1439
1503  1822
1789  374
962  1668
828  1277
1491  1243
77  1597
915  1641
1312  1903
1438  957
593  142
969  964
902  508
1628  1693
1754  1939
1442  212
1034  718
219  54
974  207
1015  1173
1636  1078
400  372
1119  1874
1498  1504
885  1161
601  1163
610  958
109  1753
472  837
508  1454
1673  1012
1771  258
1833  1204
1915  1538
782  1547
1518  1389
620  1918
675  1209
1500  233
1677  910
1452  622
161  1840
942  438
771  1264
1667  43
166  647
472  51
29  12
1506  1768
155  1323
625  985
1707  1849
1297  1535
52  1729
900  285
452  179
294  1947
25  1481
1448  243
1217  330
983  104
1940  1729
103  1324
189  476
447  1484
716  1242
755  864
512  1595
840  1095
1106  402
1815  1028
1066  1243
1487  705
1252  118
1601  1126
1849  1882
1299  677
1925  1121
1155  1863
1545  518
949  780
1822  348
764  1665
703  1667
711  182
35  1784
798  869
1329  1097
1410  1539
1956  313
763  547
597  1217
423  500
69  619
1525  123
498  1660
1630  386
1095  916
1483  661
863  1815
1701  494
1768  410
1760  997
1341  1103
988  249
1840  865
815  703
1323  21
1337  1228
350  176
911  414
852  826
92  328
1561  1304
1888  1366
502  1172
657  549
998  1036
1773  1128
356  1982
1032  587
1587  1134
1938  1404
1286  766
1383  1041
482  1863
1882  1568
918  587
1132  361
464  1164
1961  475
1697  149
171  1709
1727  1206
508  709
235  1266
1175  1929
192  1886
1604  851
332  1517
213  1715
206  1277
525  279
432  688
1669  941
1220  880
1670  923
827  494
1093  1455
1018  606
1859  744
602  1902
316  57
1234  1360
1978  1179
604  391
502  326
777  286
1178  1196
1271  947
1914  1515
988  920
1086  1450
910  827
571  1806
1005  890
1031  290
186  212
90  614
457  187
1197  881
1530  971
65  1654
10  1403
1672  1281
1637  1951
598  1608
580  259
576  1083
174  1964
1840  721
369  192
26  532
1687  1664
1525  375
1618  737
1977  58
204  193
456  224
1285  88
532  946
324  296
986  930
630  1330
1244  261
1368  517
187  1589
57  1777
1600  1841
721  1804
976  831
933  1643
1962  1411
607  163
643  935
205  343
654  690
1958  1212
1196  1904
606  1483
2  1928
436  1617
1651  356
1066  1981
1278  1338
634  1865
643  381
268  617
389  1083
1775  1858
1531  1965
1332  1187
1500  1045
1885  893
1476  1437
188  1593
162  1467
1022  1134
1507  890
1908  1198
167  84
1187  1612
1399  998
572  1136
180  1364
800  1973
777  1978
1551  196
540  1091
1078  1756
1393  444
296  919
748  215
1193  1486
572  1122
1763  1578
587  1104
1059  758
1468  1270
138  1828
1778  1241
1552  1068
1979  945
1257  1485
418  905
1763  10
860  1755
1681  573
684  575
1556  697
1927  997
1623  1877
32  817
499  1263
1435  1532
240  1170
1869  6
8  1411
9  1389
309  782
1836  785
1971  449
43  884
1298  74
971  1038
792  1078
328  966
1325  1431
1562  1735
766  1306
668  206
1316  550
1533  779
648  1365
1748  221
466  1795
562  1704
1956  582
842  206
1895  1987
1110  1702
1448  762
1238  974
1410  1334
237  720
1954  1046
1208  1413
682  1590
343  1011
1497  1151
951  450
518  1011
1813  823
412  852
184  1176
332  1126
489  1970
851  1683
811  1357
1525  1001
1422  897
675  275
119  608
1569  1984
414  667
1811  412
511  1365
1843  104
991  695
11  1159
91  751
1447  1810
527  1767
1470  333
345  1779
1302  1605
908  1047
653  1766
117  1789
479  257
216  1577
696  1628
980  1470
1691  956
1725  384
1736  1396
1271  791
954  643
719  1860
519  1866
915  1067
598  300
174  694
833  182
1931  1583
68  1010
108  1823
1027  1577
717  729
1137  554
895  1681
720  932
813  705
1373  1315
1326  210
1219  165
1468  1596
470  922
1368  1887
1029  752
1315  784
1211  998
1031  1521
1050  1204
1698  1477
1461  1325
902  1128
1102  1538
913  1543
1393  659
653  775
825  1601
111  370
1663  992
534  591
80  772
858  361
900  261
1581  1592
347  570
321  1934
684  1461
1011  1445
1842  293
396  71
903  954
1260  803
1307  705
657  501
82  799
527  293
289  1080
271  688
94  1452
798  107
669  79
1451  1733
1291  1755
577  1377
1617  866
1061  1237
999  501
88  534
1324  1095
1629  42
1854  840
198  1738
1402  1904
1488  318
33  907
810  197
1158  433
1590  526
209  566
440  1681
1080  1621
1294  702
125  1343
177  825
824  176
978  1739
1176  1637
1960  1477
1232  659
733  1779
174  1186
1078  1878
1781  693
1987  180
616  1209
1673  1506
123  1704
277  797
221  447
994  352
1046  1492
272  565
1881  708
193  1592
144  436
1654  184
501  1911
125  1884
316  1985
228  888
666  1635
1851  1464
696  1935
1499  232
510  1002
57  1380
134  822
1013  434
811  149
643  1325
648  551
1506  446
1486  1938
275  56
1355  1264
1691  677
757  788
783  1543
1417  1968
1617  225
1397  899
1832  461
861  576
1816  1797
1813  230
1757  3
182  1862
417  888
1051  529
1505  1188
1385  219
465  1176
1666  80
285  1305
1918  595
1935  774
1857  168
1463  1905
1031  1382
1388  1538
941  683
667  1991
710  1595
382  227
216  377
1589  16
1825  459
1899  1218
1978  1491
363  479
1180  1832
71  1120
1749  984
1180  1971
323  889
367  1727
1613  628
1632  1568
645  124
1930  188
294  587
1682  1283
1336  600
888  396
1476  162
357  1832
860  487
229  1080
1001  104
1001  599
1406  19
1906  58
1932  647
990  1971
164  1624
1947  1952
1463  734
1434  1371
1246  118
1456  1026
1805  1909
643  1889
661  269
1451  1683
845  613
518  600
1506  527
1069  273
1574  1838
576  1214
216  1468
1263  1671
1669  454
1082  1194
572  482
817  46
849  991
1616  1641
720  1836
1907  312
135  595
325  1050
326  1488
62  658
134  491
1911  135
479  1154
517  878
202  1850
1894  1257
577  1673
740  422
1704  982
1272  689
205  925
758  841
1539  257
1687  1793
1760  887
1068  1964
1944  1053
1380  623
633  1685
1929  1723
1237  421
1565  1184
1  1153
824  222
888  1375
206  916
1197  1782
1715  1821
1877  1297
704  184
17  754
557  1281
1305  574
882  1746
844  696
1811  1388
1957  1006
673  687
813  1393
1566  969
869  1107
619  1592
1449  1787
1954  102
1906  1359
1799  1614
1386  1743
1906  1710
555  1864
985  1282
1532  940
427  504
1884  965
456  345
867  245
1561  477
1614  544
800  1470
130  1403
928  569
1980  287
117  972
810  485
537  1987
248  1259
1038  1206
950  1051
354  1324
902  403
718  1217
93  1442
1999  1616
118  1954
1377  1794
402  1570
117  877
1379  1817
1733  1007
288  1882
223  1627
1622  1793
1809  1800
1390  589
839  1766
884  1805
1962  966
1191  569
154  1029
769  996
495  993
333  1828
729  579
1331  813
1526  1170
5  154
1135  1206
744  778
1628  638
879  803
1408  608
364  674
1658  1176
271  629
184  436
1892  966
1968  1913
847  322
966  1407
1851  400
1753  1660
1086  891
555  108
274  525
308  667
246  1040
1954  1904
1593  837
1365  789
997  1298
23  81
308  1257
492  74
639  1376
1172  506
507  1438
270  372
661  682
1455  125
1188  1537
84  4
1498  1866
205  1428
1810  573
1012  1264
980  1804
91  469
1900  1314
1523  549
1999  1092
1087  1783
1595  386
851  1828
1090  305
1885  1155
296  31
1129  982
1032  134
1541  114
395  1938
1614  463
159  1317
1620  508
1858  1768
468  1753
1132  972
933  1123
677  624
1713  597
1037  910
1587  1949
273  1673
1225  1812
480  805
356  1874
685  778
445  264
1801  1849
1636  1430
317  1289
1570  797
671  1021
586  112
1248  389
1192  1543
1977  1354
1772  27
1008  935
1665  1416
460  1597
256  443
804  271
1900  449
1522  519
1312  1378
231  414
626  491
1709  641
1133  1399
728  1687
869  567
454  924
59  277
205  1922
82  1922
127  518
481  1548
71  1804
751  561
1356  1733
172  1508
1189  1473
1891  1140
1372  659
1596  1819
275  763
545  711
1832  1142
1334  1772
642  1266
980  1950
75  736
916  186
976  1103
984  683
187  1966
666  769
1744  1186
241  1263
315  1775
1683  337
1555  1341
1664  768
725  1567
1700  1400
163  1281
23  686
142  743
1493  663
1161  1728
303  482
67  1565
628  1175
1454  105
679  1727
1343  92
1280  1971
847  6
1526  985
380  1567
321  1557
786  468
1151  1148
1679  200
1127  937
1741  675
525  278
367  134
579  1803
305  835
539  1618
1865  1113
388  1827
546  1634
279  1554
120  1534
1866  303
1729  1446
410  1288
787  861
1501  1239
450  118
1069  48
1996  1144
1870  1859
1749  1730
1811  871
1204  1083
1695  1999
1057  1422
670  1492
82  125
1755  1972
1616  482
1971  552
121  1665
1122  1033
1651  1217
1695  558
402  1079
749  1400
975  1219
1345  1011
938  1210
597  1394
1724  874
563  1952
380  1881
1508  165
1671  1292
979  733
1209  1398
602  162
1575  1067
214  1411
616  516
946  1833
431  795
866  297
1371  1497
674  263
216  1277
302  1178
325  1804
1466  976
305  566
1083  51
1708  382
1105  1875
1583  1201
1135  1297
29  1802
126  947
421  532
724  719
330  1101
948  790
1833  1049
1328  1364
617  566
1166  1485
193  1102
732  684
1680  1996
1628  551
435  1279
1513  1869
1421  1735
699  912
1240  343
989  198
809  669
489  1581
1774  591
958  1998
964  1091
371  1523
1750  947
1974  1729
1911  596
27  1116
146  10
231  358
1190  1670
561  1911
781  1788
310  916
916  1051
488  1403
1302  1154
1662  1346
1159  41
335  1653
15  480
972  865
500  1891
487  702
334  850
17  1307
904  596
430  1330
967  1038
151  1831
319  1098
1315  1456
1012  1129
199  1776
63  1183
455  835
1497  461
1099  149
1007  1413
1682  1232
1407  1709
83  16
1272  1612
1525  263
557  1528
720  987
1362  1475
1325  1845
1505  236
1559  1735
1371  429
1175  545
478  353
1187  1882
760  1916
551  807
1635  1665
1632  115
1400  1529
280  861
389  1574
401  1665
590  1584
287  1882
226  614
287  135
536  1636
720  946
1763  805
592  105
1197  847
879  1888
490  290
1738  1037
1321  1533
356  1548
1673  1075
190  564
504  1705
145  1778
1403  1824
35  1480
925  1613
1891  534
1005  831
109  809
132  568
432  748
1776  1778
587  315
605  233
1099  656
1156  1939
429  666
1039  75
1867  439
1733  368
154  954
1400  1373
180  850
558  1373
375  1262
1939  941
1196  1685
372  1290
891  541
540  1214
1940  1065
1566  1447
1922  1321
1385  904
1055  101
839  1900
1063  820
1682  1000
998  1099
917  58
1141  323
1240  134
435  454
650  73
419  1419
1563  588
836  1759
1274  554
1745  1998
63  217
556  1897
189  224
1509  490
17  1566
1539  794
1679  673
902  961
265  1265
81  548
1296  21
617  66
57  1099
1819  95
864  130
930  1361
1469  1458
1455  1863
1257  836
1000  536
727  745
935  1794
732  1739
360  1830
275  1000
1452  804
357  1278
1266  1204
418  386
233  101
1167  1594
947  634
58  130
1177  665
1390  1809
1935  992
885  1286
854  884
582  1259
1776  973
415  1945
243  1230
1632  981
264  1130
1748  1207
1950  463
1405  1125
354  51
22  1733
485  320
1906  107
1262  1451
1389  1384
487  1212
1028  1639
878  32
1601  172
271  1645
1408  122
817  217
372  1287
102  1981
608  1774
395  1114
1327  1119
603  882
1501  1454
1543  936
537  718
660  873
788  1731
1527  120
659  1029
1872  1932
1512  1406
257  380
1827  127
1015  908
1041  1822
256  1953
51  960
1224  1275
1112  229
1100  1897
1447  1797
1159  1841
1270  782
878  1943
900  239
695  1518
233  493
711  528
185  200
1834  1033
843  190
552  1158
1023  314
1494  1574
796  992
1506  1937
165  1914
15  1395
1606  1335
1009  31
1944  122
433  1417
1912  1882
1115  1817
170  927
1517  1763
1217  1697
1801  273
1299  1806
1810  1718
991  318
155  1365
1881  747
1105  195
346  1841
1187  922
900  1877
1140  1243
246  860
351  1424
1537  275
1191  1140
1688  833
561  254
568  837
1286  1389
1320  315
1164  159
20  463
449  312
781  403
1200  1113
1583  1434
1442  601
1333  1005
303  857
1087  121
1103  1277
316  1613
1032  131
1841  1280
1909  549
113  1505
1706  1811
1820  738
1775  516
1397  1054
263  840
1695  265
533  660
329  1560
743  1684
1180  1538
933  1329
1124  44
722  1674
383  457
95  280
1773  1092
1206  140
805  122
1727  1029
243  1107
1251  1005
159  1978
1097  961
1348  368
1710  759
837  1660
1107  1830
478  305
192  910
514  1760
738  1630
1674  1141
1987  986
1215  1627
50  169
203  857
817  698
1497  1807
167  285
367  991
1659  707
1033  1810
1477  495
840  60
1416  1637
510  1964
1854  1695
266  387
1858  947
440  1960
749  916
429  1979
1652  299
1015  760
657  1444
604  1948
1898  994
893  748
1508  869
713  1640
1014  1658
1575  1768
1112  633
1716  17
799  737
1187  1585
641  98
821  1000
572  753
1239  155
180  1744
1966  763
596  1039
225  1946
1092  626
385  44
1253  205
533  1744
552  923
1919  1307
1776  107
781  856
1015  865
1728  1528
1099  1808
302  1478
1412  429
30  1882
1483  1967
166  1582
568  705
1176  812
1747  1758
1500  182
1806  729
1350  352
1604  53
1923  220
1767  1664
168  59
479  32
1808  1712
1632  102
1223  169
314  861
1746  685
34  952
1354  104
1045  593
701  982
1647  227
1969  1009
1876  1298
67  487
825  534
1268  1946
1132  91
0  957
219  1566
1441  708
488  1276
89  604
378  311
271  947
530  1220
1425  148
748  829
1427  14
1679  138
1285  1768
181  1626
818  1095
1221  1815
510  64
1095  1731
1283  1973
773  286
1152  427
806  366
1407  292
683  291
767  539
1616  36
1290  173
602  686
1332  1907
358  543
620  1239
1616  1167
561  1984
1157  468
1790  117
1558  357
435  1536
807  1047
1802  1270
1433  812
893  556
789  185
339  157
235  181
234  1137
604  1016
1115  324
926  1735
901  630
558  1333
1396  462
1900  502
428  1280
698  862
439  1442
1137  1047
342  1618
314  1569
551  421
634  1618
550  1887
805  1763
1895  1607
567  1180
135  591
1838  1287
876  1454
1295  1338
273  904
242  285
1037  129
1742  909
1446  253
1773  136
65  1866
1725  1873
1265  1123
890  1265
1228  1857
1979  510
1635  379
347  988
313  817
448  1790
804  329
1711  1096
1601  1049
837  100
832  1575
1437  1013
1863  81
1664  1916
1292  646
1510  1571
1773  1380
1933  619
1086  697
203  1496
635  483
376  482
310  1984
1722  836
1397  1900
1777  737
1413  838
586  877
725  437
1298  1262
548  1024
1056  1167
1334  419
838  586
1685  625
1715  1875
1858  1074
1512  1093
1677  359
1828  878
413  178
484  1828
546  1887
1362  1628
226  1913
701  1813
1302  678
759  1472
1640  1403
1935  1741
425  1446
1288  973
1350  1929
359  1974
1228  1356
518  782
488  389
1834  1978
270  1671
649  464
1470  835
1091  944
1365  1165
1689  410
1701  1244
1839  1254
845  1703
822  775
1419  632
585  1205
369  559
1314  1927
1911  1589
249  173
502  27
471  1002
1864  298
126  1537
669  900
517  755
1560  450
1612  141
260  742
1968  296
606  1968
985  771
1880  1754
836  322
891  1273
1877  1968
1200  1172
1605  1406
398  616
1852  1644
665  183
1027  1521
664  1119
1803  1160
1553  1461
422  551
1341  1945
293  1197
1492  236
1332  1245
766  1857
1338  776
877  73
946  1147
758  717
377  785
936  572
813  975
901  23
1097  1606
503  451
1910  1384
1506  1991
117  1112
165  1431
877  460
1278  636
453  1967
1341  70
3  1924
114  774
429  529
1311  81
959  700
766  1881
1853  1387
747  425
722  456
517  296
1870  913
203  1830
1311  132
745  260
55  1668
1421  242
909  349
165  400
1089  572
738  1344
750  1954
721  1155
1972  935
300  1316
1381  1014
23  689
293  319
1823  1518
18  9
1558  813
1643  380
1919  380
244  584
1886  1768
627  346
628  1471
902  773
1499  1873
582  967
531  208
652  1721
695  1035
1746  1932
1185  944
1141  1161
502  48
88  1310
1501  1424
1779  420
1678  628
63  608
1346  1968
264  370
943  137
1108  544
1927  1317
381  713
903  1612
478  559
246  1981
480  1562
646  799
1223  1946
1882  1675
584  96
184  1430
1396  7
302  1445
838  535
268  1799
576  161
357  1080
67  1942
1322  14
906  1511
1959  1967
924  670
369  806
1240  1057
806  231
1065  449
1691  861
1059  1113
393  312
379  1353
227  874
1443  627
1550  150
404  1162
296  58
58  348
512  854
712  1143
845  1766
1378  65
1477  401
725  471
218  605
1649  685
1570  1563
1519  532
945  1229
1217  631
1506  125
1027  1852
675  762
1058  1161
399  75
875  693
1821  805
1253  239
1661  1208
382  1770
243  359
1674  110
1444  394
780  188
1707  1090
157  1935
879  1285
29  421
206  1557
280  1566
1049  1009
905  170
826  552
394  1399
396  1060
535  256
900  1100
277  533
904  162
1902  1273
44  652
1562  1118
727  1051
341  1965
1781  1994
1510  59
654  1513
1443  5
704  912
1107  36
1274  1790
432  1426
352  515
1448  758
646  1882
669  256
169  1250
1971  243
670  872
1476  1578
347  195
1463  699
240  1752
454  38
1470  1295
1996  1090
297  10
1425  1813
495  1894
1445  663
1838  1123
289  720
1221  1381
1214  625
1860  1672
746  1630
1541  966
187  228
1390  1994
804  1669
1043  1312
930  1741
613  1131
1087  828
305  401
1098  1442
670  811
1397  1335
248  1536
1044  1882
642  1023
90  907
845  1577
208  603
1324  1958
621  403
1299  136
367  746
1967  485
1025  854
1754  965
1920  1351
1697  546
338  787
1181  905
464  1058
630  663
479  1396
456  356
267  1378
86  1998
798  1295
921  243
1925  209
1279  498
782  504
1052  912
124  1905
1279  1304
1457  1130
1517  1584
971  681
503  136
1405  1865
870  1789
1724  412
368  1673
684  847
1250  502
1625  1147
293  26
381  69
476  1611
793  901
406  872
732  430
1403  1672
1097  1467
369  607
1  1627
1173  869
208  1967
1252  1285
682  1452
1136  358
373  1738
352  853
260  1433
1827  1118
1088  400
1514  167
1792  1679
264  164
1512  690
1688  1615
1623  933
1425  1962
828  784
1231  1581
251  166
1850  691
778  1398
1823  488
1814  1888
490  1456
397  133
258  774
332  124
930  211
786  945
465  1851
777  1454
1187  1967
538  21
1060  729
114  1792
987  1623
749  1148
1077  1103
129  1847
1165  946
1191  1214
1839  1296
130  1273
318  1465
403  948
1386  335
1983  1381
595  2000
1228  1089
1393  1294
553  136
1721  533
1953  459
1840  1598
1601  1462
1144  1032
1817  370
1706  329
1755  1258
1136  1259
1657  1802
931  1077
1173  914
828  809
710  1159
1891  459
812  669
1847  1302
118  1725
1125  1944
1881  705
1092  1185
1374  103
1849  1416
283  1633
1668  1903
1590  85
1420  110
511  304
716  1787
800  514
761  1090
1157  438
1089  155
1410  997
124  1446
1408  291
286  1777
1380  64
869  751
607  877
923  1960
1777  817
802  164
1004  1022
1843  1187
1198  1945
1888  1147
1359  764
1441  1304
409  1572
1138  1663
364  720
1934  601
343  32
972  1242
1753  465
1819  585
340  1431
1990  1252
582  766
1859  1838
910  1643
1442  609
1703  1975
1206  1819
78  1240
136  1544
841  1289
1126  797
658  1060
1571  216
744  1906
632  1476
352  228
1552  1393
164  490
126  88
1959  503
234  1832
1023  789
714  1768
757  166
876  1069
1681  909
1039  348
1879  1024
1473  466
908  1911
1350  1104
964  1265
1856  878
550  1360
1299  680
1050  1661
225  484
517  438
757  1343
561  782
621  732
1300  1441
1625  1414
1455  195
366  1519
1622  1051
1148  571
1825  934
1276  660
1644  88
1744  1725
1910  1870
614  1835
186  223
1566  646
403  1300
1682  95
701  1622
1377  1917
1071  1829
1434  1741
1956  712
331  1668
1427  1145
823  1572
1379  889
164  820
1860  1793
510  766
1654  671
98  1301
34  809
1889  1292
589  552
347  1322
514  1255
1068  1689
115  455
372  336
1542  1382
717  1258
1827  388
933  190
121  1587
1021  366
957  1574
702  1926
1605  1523
1375  1473
1427  1552
382  1831
1189  1249
798  1473
304  1498
450  753
1727  370
1298  1936
1893  29
1946  825
762  280
203  222
405  689
1159  13
1970  1501
275  1239
618  1245
1662  245
109  1101
1590  467
1688  267
1139  1432
1934  1335
374  1475
978  845
1309  1941
1262  299
718  124
1061  1606
912  813
1234  211
562  1996
377  784
136  1679
148  1934
1841  1385
494  118
663  1683
1507  846
1712  467
367  858
610  806
362  1481
1049  1564
990  1412
25  1825
1643  723
1330  1968
200  284
481  1330
1381  579
1158  855
1572  947
1610  608
1694  123
1901  491
1375  15
1682  953
73  1333
353  329
1296  1658
1252  1012
413  1
610  625
1259  863
954  213
1936  126
1032  85
740  904
612  813
763  1553
1548  1756
114  57
1330  726
360  330
1805  1882
796  560
248  255
208  1996
410  1276
1340  548
940  1520
56  1614
890  736
1480  755
1561  254
243  1254
1608  1269
409  397
1163  854
71  1503
563  825
555  1114
540  602
770  395
1900  378
1655  743
696  1283
630  1534
1634  600
1821  952
1066  385
995  1864
1729  236
263  778
1235  1640
447  530
542  370
1397  1475
445  1850
1917  1443
640  1339
1414  1501
1484  595
792  412
213  1786
1252  60
1869  1413
1596  1241
405  175
1035  1765
1225  882
499  488
959  1154
1724  113
1067  1030
1774  1794
1812  928
1513  1445
1787  1785
800  1008
1096  830
1110  1700
1217  1983
1221  707
1966  911
1609  590
711  502
981  482
1982  1411
422  175
482  1887
737  678
1754  536
160  963
1482  1128
654  246
1171  586
218  1346
943  421
604  1193
1364  618
1845  173
309  1255
1994  1865
928  1988
785  432
1964  1006
953  1737
1643  403
669  784
1096  278
1342  1284
603  285
1612  1496
436  1062
1522  268
1650  1494
145  793
508  1169
172  612
1190  492
472  1365
1534  579
1834  1448
659  1910
1201  970
1011  1801
1824  35
745  1877
1088  708
1409  1494
1472  1744
1607  791
267  1027
1795  1594
1466  1419
1897  1233
927  793
1619  1083
1757  1292
278  1265
889  135
626  1071
886  462
871  1764
1713  888
1771  708
489  363
399  1081
428  1566
58  1718
1142  1556
935  1241
891  1634
219  1013
723  1957
1101  1380
1638  10
1199  1090
1031  1858
1393  541
1319  1943
374  1987
1214  1099
1141  232
1447  500
1325  1271
1693  1440
148  1072
540  451
1459  1079
1171  379
238  1451
1066  299
1623  264
1051  235
465  1935
1371  250
422  455
379  799
1660  1939
1470  1296
978  1745
121  533
1956  563
1632  1075
796  131
1835  873
1288  1068
1784  1999
284  371
1862  794
851  1008
588  1830
2  1525
1822  316
542  967
870  556
1666  298
1393  1809
729  726
747  84
460  1889
1027  890
1463  786
1165  1891
1251  692
435  1886
1531  1434
190  2
831  494
1235  277
856  1690
1850  865
597  1582
735  865
1431  1684
1399  446
1160  1245
162  101
1580  978
911  920
907  182
1961  944
390  1754
432  1653
966  1219
1954  1824
96  988
1810  920
1414  256
1033  1917
730  637
451  1802
1549  15
1440  1786
1445  897
785  872
1746  1671
957  1493
1504  704
1335  498
1945  314
1950  529
740  1760
1177  1570
356  896
1284  1293
1135  1938
1069  149
1868  1881
819  1382
183  727
1350  1051
112  1322
1259  1062
1714  318
1582  518
556  253
277  392
1363  1998
509  486
1440  1950
758  624
167  446
1162  1208
464  1029
1951  265
1315  1570
1092  1072
1503  1214
531  356
430  1442
1254  1481
1047  1304
1011  271
1178  1333
300  1471
477  788
1901  557
979  839
1947  1382
358  851
1922  317
184  439
703  1639
514  1165
391  1779
1062  693
1319  1947
1384  14
1777  1731
598  1404
1211  411
1137  1679
1443  902
197  185
1212  1367
882  1258
662  1437
158  1649
1055  1770
455  1325
504  1301
682  1824
1108  635
300  1645
694  1118
531  960
7  581
1664  1840
1718  267
365  707
811  401
1627  294
1089  1146
936  1224
1265  1409
492  50
1126  328
39  1754
1224  1223
1110  534
618  1074
9  1916
1897  1610
1159  634
421  671
1682  502
1996  735
1913  1776
1766  1261
1916  1219
1208  528
432  726
230  1552
1340  1520
1625  343
6  881
405  1165
392  507
974  19
1858  707
1390  294
1831  1617
604  1833
11  1882
1858  337
211  232
1204  187
35  29
1137  913
1790  1166
482  339
1272  1061
159  1149
1407  587
630  1870
1111  741
1563  1909
850  1266
1457  149
10  174
1771  125
1876  1890
1101  4
364  207
1953  236
1863  1112
642  962
1220  1862
799  475
1388  1222
1392  1896
749  429
241  1403
262  402
1459  1081
250  142
1765  1396
213  953
1813  619
1829  865
636  728
468  1090
1375  894
1083  688
1230  596
582  1923
1469  1528
1275  612
870  493
1703  1290
1776  1349
656  1969
1206  468
572  1118
12  1901
1655  1513
1248  1173
1194  191
1385  1750
479  12
760  319
518  225
147  563
1678  992
431  1084
96  1999
1364  1228
1685  1926
1983  1229
806  91
1454  1281
746  1313
1689  610
1680  376
1389  367
1232  911
1734  273
345  1328
377  49
767  777
1822  995
103  983
912  435
435  1847
248  916
1746  1338
34  1053
1691  1366
1648  1315
31  954
1670  1560
1401  1557
172  549
178  336
440  150
129  1
919  1730
1334  281
473  1076
177  1971
1074  1302
569  175
866  924
831  1863
1691  1994
682  1738
51  241
1803  1422
543  1092
961  1308
530  445
357  1112
195  1245
1908  880
1363  1749
969  241
740  1648
409  1236
423  1482
1209  1141
946  986
1726  839
1814  483
1764  1303
1934  334
572  911
1605  761
1715  1009
1558  1623
1842  1940
162  139
1418  177
864  254
78  483
38  76
337  22
1873  1895
1733  707
135  85
875  1994
1559  1670
1249  10
124  1786
370  754
1488  1655
95  234
1130  1260
746  1740
1907  340
964  1874
846  1674
1430  8
1431  323
1570  1999
1168  795
1619  677
1146  106
536  1918
863  266
1323  1836
272  124
1647  81
662  161
1320  1498
1754  0
1739  377
23  889
1702  645
439  1818
1531  911
1404  196
606  1545
1731  70
502  626
924  1219
1827  165
740  1208
886  1042
1937  93
1306  227
849  593
1520  1167
1998  897
487  1982
131  643
1307  494
789  785
1115  541
1830  938
913  1445
475  310
1683  182
600  767
1920  1769
1856  198
1214  787
1561  364
1936  1741
122  660
1063  1957
1804  566
35  419
1937  162
400  1093
913  1967
984  1617
939  1848
121  448
1394  680
216  917
373  995
793  296
399  1562
70  1092
120  1504
671  63
1461  521
1450  143
1116  1174
178  663
928  1414
1273  1936
1910  52
1016  224
93  1082
172  1732
71  1253
1939  1131
934  905
268  1867
1386  1966
261  463
956  744
64  100
1847  1385
478  489
75  874
1066  1803
1272  1608
1862  1394
969  932
272  1893
675  894
1572  93
1583  1379
722  1399
1368  448
1735  500
220  1817
1351  403
1313  212
1004  716
895  801
1719  491
40  745
1027  1589
1711  688
6  1735
617  1907
1046  734
365  768
673  1676
724  118
1107  1467
795  130
912  491
351  592
481  418
497  772
104  114
1150  63
1374  807
1820  715
137  189
1193  1160
1713  566
217  1231
650  1731
1577  479
1072  402
1337  318
1185  1395
1864  91
103  195
424  1251
1329  1169
1095  515
1281  1048
144  1256
716  547
982  1025
1531  353
384  1289
918  1608
377  51
1404  883
1406  1523
600  939
1590  1504
1787  1269
1962  1409
43  1357
1111  1117
1691  260
903  14
375  164
72  264
1685  1024
929  1056
642  1009
997  1067
1932  95
1429  612
1276  1770
788  1880
1637  1663
700  1853
1288  410
179  146
748  575
232  1030
1719  1228
615  846
1738  408
1572  443
1779  356
1199  1681
287  1041
1215  112
320  1708
1701  1827
917  1775
1854  221
1807  707
1740  1266
161  1262
1686  1359
791  375
1371  1925
838  1207
1916  283
703  272
158  997
1849  1663
234  1891
1783  181
644  370
1404  616
176  59
1201  1714
1681  0
542  1326
1962  878
1315  1711
1849  1300
305  704
1629  1015
1592  703
305  540
449  141
352  1730
1353  566
1695  1394
126  1119
1427  698
8  1796
696  1311
495  772
303  1117
1531  637
1061  1030
1091  375
145  1112
1310  1143
1921  898
573  978
1080  1067
428  1490
1728  397
913  1188
713  1245
1564  1530
1774  1860
1889  1335
1285  705
1309  329
137  850
1660  1154
722  525
1379  595
967  1416
860  697
732  326
201  1881
996  843
1689  595
594  463
242  1258
566  85
1074  787
1797  1950
1032  1578
450  143
1973  628
349  1970
550  1498
1133  1281
603  1423
1123  1237
1325  92
1539  175
653  817
1999  1130
1328  1944
1933  963
1884  1338
920  727
1841  1397
1828  151
1500  723
1313  230
1700  700
248  922
793  1911
1511  1741
291  473
1888  1159
252  1803
1998  1285
1137  170
1784  161
182  367
96  1144
647  1484
418  148
484  1170
1489  788
425  1922
1141  249
1210  115
113  101
1187  1679
838  93
468  1542
74  1360
1907  1791
1397  1373
906  802
1068  1632
1012  1478
1273  1842
377  1468
1967  1141
1692  407
544  1311
1200  930
647  1388
385  761
1972  1427
532  1437
877  1865
1957  427
610  1130
1053  1517
1130  799
1664  1493
158  1186
1733  1281
1122  648
318  1401
41  790
788  1715
607  167
1195  312
1253  1698
1304  1425
991  966
1869  1774
1255  1871
1641  1026
511  42
1471  688
1379  536
971  1874
1839  455
263  978
148  1306
1756  1982
230  444
878  1865
1949  1752
420  737
1366  951
1457  826
1982  1852
1399  327
337  134
913  93
1686  114
1897  1121
666  1046
37  543
1268  223
1653  1826
1873  1481
838  1045
1039  95
1025  940
290  301
566  1014
1510  646
1952  1952
1246  269
1608  1964
459  123
1314  471
135  1735
1323  826
1566  1715
1519  1331
1306  91
1139  378
477  1226
1817  769
864  6
719  118
968  1572
296  1375
1883  696
767  1549
306  911
214  1352
558  1314
902  87
1929  933
139  1259
1984  411
635  823
1014  1959
1918  1043
81  774
153  1594
1978  212
715  1576
1640  1300
221  1968
1434  63
255  1429
985  1460
1765  80
1487  448
541  626
167  1900
1357  1770
1719  1820
1627  1648
1483  602
488  1696
423  901
1741  1916
1665  399
38  130
504  1293
95  1008
920  976
1672  375
963  400
1662  160
853  1748
683  523
742  290
1677  497
1334  269
1972  1149
17  886
1623  1111
1134  172
140  1071
1597  440
1578  663
710  88
1076  119
880  1308
1050  1600
623  1717
1913  1323
1826  1036
1429  601
1220  1992
541  1620
1066  1283
1092  1205
1686  1122
1859  276
411  167
1479  1774
1898  660
1337  1951
118  1332
1291  850
1665  368
294  249
1642  1669
1615  1039
1470  1849
1403  1659
1536  546
1556  511
1051  320
1012  797
988  1004
1901  1158
1511  549
338  1128
386  1750
1578  764
7  787
1104  1902
862  1849
29  908
1577  1593
12  1399
1170  1147
1312  1961
991  655
1033  1415
1442  91
1820  211
1146  825
1779  1092
1587  726
137  1229
1550  81
872  225
1190  438
1973  1998
1625  1964
1361  435
1907  544
931  885
420  17
1409  600
450  1257
1183  49
392  116
1816  1347
444  1593
752  1929
1119  756
761  1365
1884  1320
589  128
1609  1081
1928  202
701  213
1813  1558
1174  913
401  1345
521  1031
399  525
1827  1423
393  1187
765  175
109  310
1866  1749
1987  111
47  981
1506  596
1637  27
331  400
357  1316
1866  229
1714  704
633  668
882  236
1743  1617
1406  1262
1207  1335
111  1262
996  1484
35  1761
242  606
1546  1052
1404  145
578  694
333  76
1192  1841
577  180
364  252
1226  549
1331  1771
493  955
403  1546
1161  465
1214  114
1905  713
1830  1094
649  1858
1268  1247
1133  1121
1557  992
1063  937
892  1419
968  473
1418  1992
1297  521
1671  1105
367  172
675  1590
1139  1139
1319  708
687  1479
582  1103
1604  1552
764  451
131  28
1946  1052
773  1446
1114  842
1016  480
718  530
237  1282
199  1432
1010  913
1232  162
468  1697
1488  1341
1830  1593
1445  360
1548  683
1213  1633
1581  230
80  343
1969  1583
1061  1691
1794  856
171  668
725  62
1675  525
1541  1388
555  574
1147  1070
580  1372
1821  1680
945  1408
184  1806
807  790
522  212
723  1533
751  1650
1315  1139
1561  306
716  497
813  679
1486  374
489  1014
1056  1868
1546  892
307  151
1241  1732
22  3
68  1252
287  43
130  1496
115  162
470  546
536  1686
1877  451
11  650
476  1166
910  1504
1692  814
61  1980
1173  1701
1318  1132
643  456
1028  1570
225  1558
1473  226
1399  1659
1279  711
1168  1416
1684  434
162  588
417  1489
656  226
542  1041
1642  835
1908  1897
339  1403
1244  295
379  1096
1889  1255
1901  1830
1791  1591
412  1109
582  1480
211  511
1106  250
1092  813
174  667
447  435
1799  1319
466  1004
80  1394
1272  454
623  374
1421  771
334  1762
1490  312
112  1285
1713  217
10  962
1891  544
1249  1810
1306  1439
1434  910
1296  1645
1104  308
862  1873
591  196
730  566
1465  1151
314  1054
1652  1038
1475  80
1829  970
809  595
421  416
777  782
1672  169
1812  333
48  1676
1535  974
501  1817
1288  220
1555  1772
1382  668
1414  1890
1230  1064
148  1753
1626  1103
72  500
1733  607
251  1901
398  917
1931  1365
1182  937
809  426
1254  1823
792  471
1026  578
906  1224
1186  469
1015  1484
700  864
1280  922
105  1521
412  432
1097  1807
1816  490
335  1
1129  1754
1212  873
667  496
588  1418
1885  1912
1136  621
1187  1769
1780  205
1886  531
1428  1545
542  1988
1258  680
310  967
182  986
1779  564
1850  251
1342  1059
838  153
1863  612
168  1029
1531  389
1064  483
1546  1295
1389  771
1258  669
1866  153
1453  1425
1088  876
1333  1694
291  1987
1763  364
350  397
1361  1297
1130  983
755  1121
316  1111
258  995
486  1264
299  5
1400  1537
1711  1800
248  380
459  1275
1768  266
1161  1306
1374  583
621  1665
1375  332
1794  1557
1257  1515
1468  1607
491  1273
1858  1549
497  938
1804  709
718  278
618  1142
1129  1793
410  511
517  446
1651  1531
1898  2
1275  707
1243  632
234  744
1317  1892
1358  1869
1156  766
1622  721
1132  922
1123  1303
2000  1736
408  1275
541  395
1364  862
1110  1938
875  80
152  1223
1104  1231
423  413
762  1499
239  418
557  1820
303  1436
650  1714
17  1394
1052  1041
1946  1597
656  270
635  849
782  1119
955  1202
641  1434
1667  1433
328  995
1807  957
795  1577
289  1635
155  587
1312  936
1558  485
652  278
1774  1324
1232  338
548  910
998  1165
1548  1792
1789  480
984  1748
1396  942
1825  1777
1242  1557
178  1625
774  778
202  1062
1017  137
1092  359
313  1375
610  79
678  1918
1073  962
1315  327
1697  211
734  1505
1211  1049
1933  1366
989  1806
1777  1280
4  719
397  1421
266  1517
1594  1539
853  1224
980  1513
1625  137
1580  349
268  1888
857  1149
633  1562
1827  1313
1020  1091
1658  579
1397  860
82  1081
100  1605
157  441
1977  1615
767  171
293  1133
56  1863
1042  99
513  1511
1694  1146
549  642
1655  87
1146  787
1815  1982
493  833
1204  460
1074  1103
1911  835
918  368
1170  1086
1911  200
1238  256
895  1439
1385  728
200  138
330  1758
228  1134
1219  1655
1160  567
308  1110
1523  1728
1782  1058
275  1679
1270  1432
1878  229
1093  1519
1545  268
1239  1079
113  1416
1172  1145
248  212
486  1109
1978  963
1335  1241
1322  1214
222  30
1824  494
1162  815
438  1644
1187  42
1907  1261
1870  1564
1914  542
18  1047
237  823
505  115
1902  1991
1196  1707
1756  1090
1294  189
825  1327
684  404
1541  373
1957  273
1243  1031
1136  62
1095  1413
1741  141
801  1544
706  1859
1673  886
1859  1153
357  1489
173  1635
1819  1454
1627  1307
466  1588
261  1292
728  1946
848  171
732  1787
1752  1263
1293  692
1610  185
1299  1711
1680  1072
1782  320
300  257
1231  896
157  477
1308  19
1650  1243
871  1783
390  1570
1034  603
1971  187
1629  1508
1698  1854
1741  221
484  1109
755  1268
76  1362
809  1730
1039  181
181  742
1449  609
1830  162
1933  576
1781  587
41  1974
424  325
572  1089
1198  904
409  787
1974  1743
1798  1820
264  805
912  204
1571  951
995  684
613  748
197  516
1173  596
365  326
1813  905
1531  667
1117  1744
1210  391
404  1420
1706  437
1794  645
1539  327
117  418
19  787
1976  1323
537  1551
683  339
447  1633
692  1498
1600  871
163  1836
1772  520
387  727
864  1679
196  370
349  1578
180  128
1343  768
1096  1508
1739  863
1298  716
293  1305
1985  1108
1847  1162
936  778
1599  1524
1229  152
1883  1540
1570  1323
1978  80
1209  1663
569  1666
1136  1446
66  752
819  1373
574  1117
817  499
1953  1380
481  723
1924  7
1355  219
908  1668
656  649
752  108
1083  1096
805  601
482  1643
99  1208
1162  347
434  1431
1026  1140
1620  908
534  1463
576  1053
1090  1850
261  1709
1788  161
1484  1523
1693  928
237  1757
687  615
1873  769
875  1520
257  1149
781  313
1169  578
1986  437
870  1121
219  1325
934  457
43  1945
1540  819
787  671
606  556
475  670
1209  1292
995  1032
921  1617
200  628
1982  514
1202  1793
1599  578
697  1604
1306  842
1298  68
1169  890
519  218
1780  517
1089  1594
1586  1452
1313  1650
1136  309
1529  510
1894  447
1990  1573
882  1437
380  1268
1515  1561
1803  194
205  1660
233  804
1471  1347
1474  166
150  849
1851  1609
1376  1558
327  1715
1775  1285
168  1622
980  609
1390  1569
1430  479
338  155
182  684
1364  1346
555  1768
596  340
1903  51
1478  1353
719  287
84  1687
303  1546
53  1260
1743  250
1560  1888
1708  1419
982  700
484  455
36  1768
1953  406
103  580
755  648
346  1064
552  1465
319  291
564  837
1512  1078
1193  264
702  620
1184  1515
1296  958
276  629
1355  539
818  246
359  540
139  1920
560  1253
1397  709
193  1975
429  141
1667  182
1028  432
568  1723
733  1075
1311  733
552  1518
632  1357
908  770
1219  1521
1244  1398
443  166
617  1949
604  1893
259  658
1450  1091
691  1159
521  575
563  699
1154  1663
950  660
799  498
191  1427
1047  186
601  228
376  650
1733  201
834  852
1140  1970
835  1239
277  1432
52  1319
1041  474
554  87
700  1199
1354  1684
744  106
949  279
1625  1789
1783  559
1616  1129
1906  1855
646  1491
1499  1067
258  657
1459  557
1997  1590
1225  1157
1399  577
47  1408
1426  1265
1346  1202
1498  393
1001  1077
653  575
460  763
1410  1373
1655  1346
1690  1381
569  327
161  1799
392  1830
1880  860
854  1515
529  1996
887  1322
240  396
1301  1522
209  1235
1626  1716
1572  1842
235  1962
1347  1134
1644  1087
1559  1315
1912  847
214  170
1419  1010
612  1014
1772  1776
112  982
877  1522
1916  150
519  1450
1996  1894
1011  1702
293  1648
1884  652
272  559
229  241
968  305
1172  311
36  1455
956  1598
1945  1335
422  1834
787  1045
1257  1003
1030  203
1479  872
349  1206
797  1083
1012  1679
1526  233
56  1602
1930  265
491  2000
815  1830
739  101
466  774
736  30
1646  455
1663  1147
610  86
20  1391
1211  1898
1128  1480
1508  897
458  1924
1725  848
782  963
1128  1650
1349  1778
1616  1614
1137  466
1339  280
448  883
1530  1484
1769  479
378  179
1678  851
784  1444
1382  1999
1766  683
1572  1838
759  1962
1675  1067
724  558
148  1739
1054  973
1148  38
929  1451
447  1876
605  1698
1127  821
1852  405
1474  711
367  596
658  166
1763  1160
1038  36
475  1275
556  1630
1386  894
690  1889
1735  1131
1950  264
392  1392
1698  1551
1042  61
1563  1623
1439  328
1463  156
246  818
1724  834
1779  515
1988  698
1462  1627
1580  1660
541  1088
1088  960
63  1359
1630  547
1026  1233
727  1156
57  1928
1122  345
394  361
1075  1314
1598  209
34  104
1146  1462
1056  260
663  110
1877  1754
1424  1557
1340  76
34  1463
299  1725
28  171
201  1211
35  1389
1001  689
812  700
514  929
21  1748
1623  1863
635  1227
958  496
1633  1700
1176  1800
140  1103
402  1222
1440  1781
1385  458
298  1302
729  107
1214  410
940  666
1799  1355
129  670
616  75
1371  415
1752  470
1628  720
1626  1796
320  1470
139  726
1378  266
771  181
1212  1490
1477  492
1341  319
1949  1465
1477  1113
690  1609
773  1743
445  15
360  1922
1310  1466
1158  316
1626  1039
1092  1961
421  1159
1550  1788
244  349
1920  1329
1672  15
1693  216
1198  1756
455  849
761  137
476  1028
1076  468
652  1877
21  1380
278  779
1458  1802
1633  1003
1992  70
1552  162
1238  207
1380  136
1025  307
1383  867
1390  1949
607  1139
1446  237
1819  1849
1509  904
363  546
192  1830
1046  802
67  1567
1053  173
256  1346
446  1297
1478  301
1865  561
1964  1933
878  1070
298  11
20  598
1202  1440
1337  250
418  345
955  509
305  1708
1398  1783
40  1097
366  1541
1830  1016
637  975
1031  1670
903  466
1326  1203
1099  1293
1352  1636
1587  1337
894  57
1558  1170
1886  1661
511  1832
1565  855
1020  785
252  1828
1223  965
1394  740
809  1374
1295  226
455  1273
1784  81
1622  13
1263  247
528  1998
1017  1829
773  421
1753  1747
626  1502
1697  775
924  269
748  739
1473  1905
213  1387
170  1976
144  848
385  1457
1738  1890
1435  660
730  1476
89  1120
444  1525
1413  1096
265  1624
1311  607
1877  1389
683  743
701  1007
1680  1974
1064  851
50  155
1045  1736
407  1862
6  421
1916  1768
159  108
1408  1968
780  1273
1174  1748
495  1572
232  705
1664  470
454  785
284  1757
676  1483
986  737
453  1960
621  1575
637  1801
1973  770
1621  1850
1808  260
844  657
1067  450
1316  747
963  1248
881  1349
1467  885
435  38
1204  686
1814  31
1427  1341
370  1452
1122  1219
685  929
1  1589
143  1169
696  895
1732  1255
1875  945
23  19
1070  10
94  536
1556  652
604  335
1190  379
1624  253
1706  395
326  1906
162  1127
1286  1591
17  1718
1747  619
1258  1113
694  1721
91  371
278  1795
753  271
1665  1222
764  1815
773  279
1728  420
1530  803
1160  181
688  1942
1827  1343
947  230
1400  172
1352  1308
1978  44
445  1991
1936  387
1108  1054
502  360
1809  1810
1177  630
1131  1353
1527  1043
994  1007
650  1632
1354  1452
2  1096
536  1594
459  1918
843  17
388  1999
1703  1094
71  1753
856  576
225  1055
1141  1235
564  1278
575  462
1145  1599
538  1701
1987  225
974  1940
1925  1311
540  3
1480  1965
718  1632
1229  1464
1155  1843
36  955
1815  1904
1396  109
692  1762
798  404
1584  1039
943  1475
634  1178
1719  9
1043  1997
1796  254
1304  1465
268  1289
987  1070
1011  148
1803  118
425  907
1312  1385
1964  1486
1916  1433
1649  877
668  303
179  1962
859  904
1065  826
758  249
1720  1547
1766  1538
1234  1334
1851  1192
1190  985
1646  1564
338  1706
760  1771
461  466
1489  219
6  1851
950  604
307  1735
1061  1518
1878  1360
1231  1171
1165  1037
514  377
610  250
1939  1827
598  630
1808  69
817  312
82  1438
1801  294
1774  856
1554  869
1791  396
1829  272
1330  1379
280  1634
485  908
1309  268
1027  1061
467  1060
167  1093
751  1291
909  501
1461  255
1101  1906
827  591
1571  1623
802  1534
535  1843
1437  792
693  214
1467  98
161  342
839  171
33  1089
1797  452
1267  902
1679  1328
702  1668
630  1668
234  1365
1929  843
538  128
1724  1631
1293  1036
1983  1733
1796  1386
1527  1703
234  991
1209  983
920  1547
1179  1215
263  1196
1419  1998
934  1939
261  761
341  286
1623  1657
887  30
229  777
1123  1241
490  941
1623  1483
989  1057
1026  1652
237  126
630  1597
1001  1546
638  1253
1069  597
1905  550
1986  682
1407  1043
1807  221
379  1542
757  1307
943  1
744  457
868  1691
742  1527
1696  631
1259  647
471  449
420  998
1455  1984
1168  1401
545  541
1848  1058
1079  210
1371  662
460  944
1935  764
1557  1733
1281  820
1550  889
594  721
137  1330
936  622
294  1718
1861  672
131  939
1795  166
77  693
219  415
1009  705
890  1198
455  896
517  199
1418  1675
1164  1434
1600  1336
783  1985
755  72
1483  993
36  1654
928  844
919  340
667  1268
1657  957
1053  408
1847  1452
681  271
117  1800
1326  805
1947  1870
1769  443
1963  899
396  1700
1689  148
1654  1322
133  592
1063  1476
729  1665
1634  87
755  1560
282  84
1587  892
673  1020
1735  1044
757  1483
21  1583
1272  385
18  1191
1906  1762
884  559
1440  995
1226  1861
1267  861
353  1940
589  1575
552  693
91  1214
1417  526
948  1392
1048  237
931  1964
1171  237
1072  766
923  869
1626  1227
728  1599
418  615
1124  635
1897  1561
1547  139
1446  1608
1222  1868
331  744
515  1975
634  1883
1867  1303
991  266
1268  1750
517  1985
1684  1581
1121  1603
629  879
1043  396
432  68
740  1713
1155  1761
119  501
287  1629
693  1711
1045  1699
759  1754
532  1513
513  912
933  85
1884  397
153  1550
659  1848
310  505
823  1397
1872  1367
793  437
521  688
769  1175
623  153
290  1958
1611  1886
437  862
1538  95
1680  386
937  1554
588  1612
1896  1737
105  615
1137  943
1128  1718
1361  338
1523  1168
4  975
1438  152
464  1685
111  1011
102  914
939  824
871  194
69  1021
1188  31
1887  237
462  159
1950  1158
1892  1931
306  381
1849  852
56  1717
1702  169
1623  83
1564  1941
1377  1062
1177  801
487  1050
785  1689
1695  1166
1265  1737
732  1978
1422  1165
84  1637
286  510
1648  1954
1419  266
1520  760
459  634
1320  363
741  884
1659  335
103  1903
362  742
781  1201
150  440
124  419
31  1186
1538  961
1536  1579
120  236
1018  1279
1259  956
517  1520
1209  986
494  428
1952  1148
106  933
25  367
372  1577
1643  1283
1482  416
1424  419
276  1675
1036  1629
627  296
893  1853
1648  1110
1662  1170
199  545
1731  421
507  847
683  158
1585  1752
174  1811
1893  1718
667  1635
430  1275
533  1839
1471  1818
420  436
1099  1767
1130  1971
1571  335
97  823
385  956
1697  969
1659  1014
1282  562
634  110
928  218
1373  613
976  693
1746  1243
1849  394
1867  289
1041  585
64  831
799  662
583  394
691  950
147  420
1756  1860
1528  610
618  558
1855  608
494  628
602  477
302  1130
802  695
476  1886
634  55
1664  1142
362  1365
99  1710
1102  373
1450  1678
779  26
1402  1500
514  387
188  720
312  942
411  1991
736  729
1698  699
1319  243
908  444
386  402
1356  513
1264  1856
832  1854
500  1372
1509  1691
1264  715
108  977
829  869
1140  1620
772  597
40  490
894  399
25  264
1890  1207
322  162
709  1660
206  639
1209  891
636  1934
1206  1422
321  1348
1856  361
167  1468
1550  1454
1819  388
456  1718
156  1070
1910  1155
962  666
1199  1743
73  548
1004  1612
65  109
1592  991
1523  1395
933  1805
1469  1607
299  493
197  591
111  782
1181  1823
1051  552
1121  254
989  232
1994  41
1866  199
1622  454
1747  509
1122  347
176  1896
542  31
10  1513
993  775
1661  145
1857  516
1677  266
1134  666
1456  1717
1109  1917
1064  1478
1817  1341
1906  314
1271  1948
1628  1498
1450  1883
1093  1969
1572  1385
1808  1883
1806  6
1984  1057
394  974
1490  1011
682  1101
1018  122
1074  240
586  1119
558  904
467  516
853  1566
1874  1957
314  1643
622  435
742  736
1672  1878
296  668
165  1675
1810  659
262  1518
1680  899
1301  1958
1891  1139
8  15
39  462
154  1713
132  1238
1480  1458
597  671
548  905
1161  1000
1302  811
720  553
522  623
973  1970
1546  1466
1711  1110
1493  1413
651  385
1382  1675
1789  1636
712  1657
1214  343
1107  1232
1038  1685
285  1662
1424  550
177  631
466  955
1683  1890
8  1080
1003  1091
1982  1731
1251  122
784  1633
118  1377
51  1261
552  1639
340  44
1020  1484
1506  884
447  91
676  35
16  222
1323  355
570  1114
435  1464
1793  1118
1285  566
1963  63
1072  1064
748  640
320  613
376  1230
274  1767
172  1526
290  73
1262  1615
1029  1644
1227  1231
1139  0
389  437
107  1979
320  711
338  980
1703  1029
361  302
57  1196
405  1065
1334  1926
896  113
1600  1161
1056  1010
1954  1923
1128  454
1860  1615
444  564
1396  1629
1055  1307
1844  1013
676  1111
172  461
993  1285
351  1857
320  247
952  666
317  1946
7  1108
1402  1894
165  1661
2000  1304
1606  214
508  150
356  1845
1103  547
686  875
434  1113
1118  1393
991  1245
1076  372
2  650
1846  1956
1267  431
179  1070
1197  67
684  942
64  572
1172  784
706  636
835  1338
493  1356
671  256
1379  499
1229  69
569  1825
1098  191
1055  851
1360  10
215  1495
19  1603
1830  1644
1604  509
1510  1453
351  314
1972  907
650  677
1140  866
928  755
1976  168
324  704
86  544
673  1084
497  1536
1685  91
1560  1328
1532  336
1972  1802
922  1112
1733  126
1849  930
1731  1651
1859  953
1690  808
1068  832
803  989
1079  743
968  1421
837  82
1759  1953
663  1973
1411  969
908  920
1494  1177
1478  1080
346  1668
1373  72
324  1555
119  1825
1179  925
1537  1740
811  1573
322  55
275  707
98  713
1621  1261
1287  583
898  399
1442  1060
1993  490
1244  1711
24  586
687  452
187  727
1926  299
1019  1179
1122  1368
494  1498
893  768
395  1365
343  568
108  519
1407  233
258  1796
108  119
590  1154
1542  1445
332  602
1244  1226
1615  1679
1620  1745
483  377
58  1090
169  820
1784  733
1278  1710
1542  788
266  724
1360  69
1160  842
207  298
1175  1803
1476  1329
1153  734
1142  1616
1726  1653
1062  943
1703  8
112  1559
638  206
1795  557
121  885
1142  51
934  1154
1834  1444
858  8
1128  972
826  1364
744  864
468  1162
1205  1149
403  1607
834  717
277  250
1516  908
1902  768
1845  1581
279  475
463  1339
988  1514
1954  429
378  165
1312  765
1510  1254
1947  50
2000  183
397  436
256  1612
1744  218
1287  381
1692  1287
682  949
643  668
1867  955
1715  128
1691  829
1979  596
1821  730
1210  1143
1514  661
1238  1836
1818  1248
977  1985
231  1866
1277  370
1611  328
114  672
1120  1828
1248  372
470  1700
516  329
489  1270
536  1985
325  405
1167  1852
1888  1259
409  1007
1422  20
1253  751
1546  265
326  1960
1021  880
539  1193
1180  1469
441  387
1415  788
25  1207
176  1221
708  214
1631  985
1088  887
1556  871
1576  1838
687  1539
559  1251
1731  100
1949  758
1158  699
336  1438
1039  247
380  1223
114  1388
928  1003
902  1238
1215  374
892  131
767  1131
522  1341
432  501
592  1903
1511  893
1777  753
391  1100
1843  487
1370  1239
1017  1220
1626  1982
675  1433
1414  1654
499  1151
417  877
1591  184
534  760
700  1986
1804  1864
1362  942
1169  1267
1781  377
1570  460
433  1514
1920  1188
1444  542
477  1801
1232  168
645  128
1420  287
1961  1984
1015  874
207  1564
1390  1793
645  1374
1266  857
525  736
302  1635
865  58
981  1615
1291  1770
1102  1955
1725  1250
843  746
1573  1222
152  238
420  1653
718  617
92  1159
208  621
1751  573
1670  650
1472  1991
1374  1694
701  1292
437  343
836  1837
345  1003
1628  1142
1193  1825
102  856
1542  1573
730  1415
844  1730
1393  1983
152  2
1281  1984
996  1657
102  1402
698  414
1872  1860
460  124
1350  280
1333  1867
1343  489
1096  1574
399  1914
1632  361
1874  610
1272  242
1391  309
399  1242
1818  1460
1951  28
370  1453
1088  828
981  1757
1349  625
435  124
411  1535
310  1282
1455  1541
1682  1306
565  726
608  674
1240  1993
1196  1126
790  191
1123  1371
131  487
549  1596
1314  1448
143  1250
946  1393
44  689
783  264
1616  20
1650  1955
1715  576
420  1437
445  806
1805  1936
1840  583
1318  1556
1109  1558
1695  1808
752  1631
166  192
1475  1302
153  476
1232  506
332  711
1977  933
134  1472
1238  613
67  1914
1467  948
1445  1233
1665  94
83  864
643  1954
644  1681
228  1681
282  1691
939  783
1243  194
50  587
694  657
1719  105
1783  1364
1346  1121
1553  142
563  1526
1940  98
1204  415
246  1478
1801  581
1419  1555
261  1424
1476  1621
1618  830
951  790
330  528
1160  1431
117  1233
609  940
527  50
1363  1803
944  1693
1537  316
280  1466
462  1320
943  1907
684  1979
489  1685
1565  23
462  1235
1743  1483
249  1707
970  598
820  641
202  124
1830  1805
1422  1303
2000  1639
567  1900
1393  259
884  528
49  927
358  162
1005  876
906  590
712  398
1293  1069
1293  773
40  1019
72  171
1656  141
554  157
242  245
1379  436
1942  560
728  1066
1057  1971
1611  694
470  287
1312  198
434  1062
673  405
1517  1607
210  799
1553  788
1655  754
230  1333
395  549
941  1885
433  1288
1424  1286
1462  637
77  494
1601  1397
113  1501
840  1209
425  551
840  1784
1171  785
486  1777
1341  362
1424  1511
1318  41
453  662
406  188
1261  1779
1739  786
150  270
1502  95
940  144
579  483
207  1261
1832  758
1371  1055
716  1000
798  1709
919  3
1555  373
1262  576
969  1173
1491  1796
1840  941
1785  1477
576  840
257  1762
498  1221
1335  451
1625  624
1491  863
302  832
797  698
1733  1604
1215  961
477  1305
847  3
50  1328
680  1146
1520  405
1374  852
1417  825
177  744
749  1537
15  1394
170  1125
781  678
1509  706
975  440
987  931
1252  1032
452  69
83  507
1785  1525
1563  645
308  473
992  1919
1368  854
450  1109
571  671
1676  720
282  312
1920  334
1316  58
123  1495
790  88
300  1180
1371  482
758  469
1966  1343
89  1147
1699  1893
603  1709
1721  1756
899  218
1841  609
1085  1994
631  1290
987  1259
1589  1965
340  285
1100  1282
1611  1207
1347  900
1918  1765
706  1030
1400  1114
441  1202
554  770
788  1874
788  359
1406  1580
120  392
272  191
395  1264
502  939
1087  313
1347  1041
296  1921
1436  1756
503  1299
1193  1582
833  106
510  924
1788  1847
442  140
662  386
1691  1004
452  244
1071  1920
1518  1876
1704  248
1592  1000
351  1933
47  1875
1259  1939
887  751
721  1693
1171  1704
1196  72
1192  1449
1040  1074
1516  1183
592  1051
1497  1256
373  1449
1456  1019
210  851
728  1247
723  870
1132  1911
1657  1645
548  1303
1190  1612
14  447
271  510
1903  12
328  772
271  435
218  1233
346  1196
793  1715
1094  374
541  181
655  1020
58  1607
257  831
113  494
1140  982
867  1269
335  4
1006  1326
854  1886
1578  880
1744  341
1909  1269
432  1054
1519  145
1890  1640
771  1543
590  502
400  755
742  1565
1502  1317
1009  1910
1774  579
25  82
306  1214
1850  1995
689  419
152  1667
230  206
992  937
1582  468
340  48
926  315
28  1336
877  319
1830  801
1981  1815
1490  415
1434  1122
405  1402
453  1623
1623  1784
1472  1506
1744  1374
682  716
18  1399
1828  1846
867  1653
1109  1544
281  869
1185  1389
306  307
548  1113
326  1626
1955  742
165  825
1403  1087
149  1546
1559  1235
224  1566
997  1922
1484  854
905  1146
1209  1514
1585  1984
1900  923
1257  280
1  1918
411  1775
22  1311
194  1580
547  12
1553  1604
1430  1200
559  206
407  386
29  343
1521  347
1005  1200
1229  61
1573  38
300  804
1700  1328
1911  1908
1678  1621
1618  1050
183  602
260  1775
507  1540
647  891
1672  1663
34  1972
1640  858
1995  616
151  804
1662  412
1476  606
419  1491
785  819
1451  1900
1752  997
31  875
1210  1103
1233  1861
971  1207
668  940
814  1793
399  1588
1298  1908
887  1416
788  1045
1561  893
1456  1439
1224  1972
1456  1816
20  295
1148  1429
563  674
1732  1497
1532  505
68  1171
741  1941
898  2000
1077  1375
1746  1739
103  545
265  847
1215  818
1200  8
311  1815
1259  98
713  1663
1411  1363
1456  117
750  1966
1613  576
858  320
158  998
969  1061
1863  515
599  246
1186  72
1519  1211
1083  862
364  55
1311  1016
893  683
410  1016
901  521
946  1723
1361  315
1321  1248
1707  1890
638  1288
886  50
1834  236
158  1241
670  1965
69  1947
1692  1929
416  1747
845  18
1489  1600
1308  989
6  1710
287  1906
1210  1013
1573  813
1457  975
1150  1710
1424  1349
555  270
298  1842
1656  1308
626  585
1770  1504
1412  468
1423  1294
765  1423
832  1046
52  1271
835  594
1045  1842
773  1051
243  283
330  1331
1374  183
635  1629
195  62
85  1916
1408  1786
590  1502
1977  369
1154  767
1629  1595
1936  1639
1422  399
121  1436
1118  1494
1924  1180
308  402
740  1733
457  890
1958  184
358  60
786  620
664  1663
1461  1571
317  1104
175  513
723  1290
980  1139
605  342
1011  1242
1329  112
514  382
239  325
577  1612
938  1879
1197  243
1228  795
2000  928
1460  1749
1558  153
33  680
1561  25
1582  713
175  1751
1697  184
1622  752
776  998
1399  1600
1732  1402
1984  383
1408  353
501  1442
856  97
1480  1500
1845  1869
1282  143
1572  553
197  741
76  1962
1519  499
1515  664
1984  1485
1892  22
1082  527
1783  634
244  1111
22  907
1587  1117
608  1168
655  611
931  1712
1778  915
1725  451
906  1333
97  1037
1653  434
519  349
1209  296
587  1103
707  1760
1294  106
1194  1681
1710  1149
623  70
1747  1771
753  94
352  1100
99  221
742  778
1452  1642
783  1363
343  1973
1313  1393
889  1274
611  1377
123  587
415  75
1943  1358
1712  1952
1166  1109
1709  157
992  910
297  1161
141  529
1997  1181
1118  290
405  1299
1861  332
253  1849
117  1679
1807  569
1235  891
316  1377
1066  274
4  736
294  1798
251  304
662  1373
1002  1247
1727  117
283  844
1081  78
256  772
833  1983
63  1162
1503  752
411  1248
1933  927
964  1414
887  785
711  947
390  1551
202  1026
1749  1478
1853  1596
590  1907
688  965
1658  1509
841  115
285  1608
1798  1716
247  181
1163  1580
1288  1168
1684  1199
1523  838
51  455
1771  1987
1831  28
80  734
755  1366
1050  178
1239  211
1403  1039
675  1657
841  13
1587  352
1174  206
1020  1792
571  366
1962  231
918  1818
93  125
980  535
1763  1017
524  1977
983  1067
236  403
1046  1306
679  275
586  929
1910  876
1186  365
1686  708
580  1203
766  1656
768  1474
581  379
287  1122
894  195
42  797
1234  50
939  805
1683  1462
1269  578
1802  1174
1857  1417
429  341
1766  994
1052  1352
343  710
1207  550
1317  1477
449  898
106  9
1846  1210
1355  974
111  1811
443  1326
786  1409
895  702
175  1335
289  1063
1297  1723
728  584
80  1034
1243  1130
553  441
1518  1350
284  441
14  1051
840  804
905  1762
880  1036
371  909
1416  1798
1808  147
291  690
1535  1016
1172  1958
805  1041
63  247
450  752
1811  1210
414  1539
1151  1486
721  170
1002  66
282  844
369  91
1651  1397
104  237
45  1655
1693  869
710  1818
453  74
1639  1007
1785  515
178  747
114  156
1931  1651
692  928
1814  1817
1290  1131
919  283
1973  224
1127  588
738  1108
36  44
599  524
954  1789
569  1955
1436  1544
1176  780
430  975
279  825
1026  36
372  126
1576  795
220  933
1256  428
409  1421
1857  1450
1299  1107
611  1655
793  1459
97  555
302  1042
1511  1066
850  1399
1385  1762
1560  756
925  1838
837  1371
1068  1399
211  1811
1571  1311
1849  1911
1217  497
1888  1671
1354  1930
1457  774
477  1772
1866  197
1125  349
1889  1553
1177  1215
1132  826
1667  974
1295  1292
1421  1600
392  1840
41  94
877  88
1567  741
1865  1588
447  342
1918  789
1191  1176
1353  557
1098  1334
417  487
735  1361
1608  1587
450  539
1176  819
123  767
1979  1892
1255  405
948  1892
1154  1966
347  239
34  454
1185  1699
378  1975
861  1346
881  1484
749  115
917  1927
1557  776
1130  515
1152  1977
1294  114
359  57
1600  67
1735  1983
1386  528
1264  1820
1950  1049
68  1331
1177  921
1006  350
1802  1863
100  1580
1670  1939
75  1778
1044  1769
373  255
1123  772
1634  1826
442  506
1889  478
236  746
746  907
212  900
924  1789
59  1605
490  198
1168  12
1729  385
1686  199
916  1292
922  156
774  523
127  285
1286  1639
1436  1132
1413  789
1022  1477
1959  613
1527  1886
898  1690
1653  349
72  1695
766  169
1260  1014
192  838
1215  1950
401  8
795  572
171  91
1055  1964
1839  783
1293  1495
620  1585
1236  271
2  1845
1314  800
1999  1954
1597  48
1260  1991
1779  203
1393  687
572  804
866  1210
1173  1841
96  1994
1899  1155
1362  672
1982  1510
1442  708
1287  661
908  1249
682  21
20  708
1494  1796
404  1079
1910  1948
1253  1238
141  279
1882  852
718  1304
1414  1729
689  318
761  767
662  861
1521  282
934  1787
754  1811
45  1442
1283  691
828  1652
1241  243
1755  422
460  1724
285  689
1028  180
1621  615
728  1744
1180  95
1923  1869
447  1763
599  1029
181  1974
641  670
876  839
1493  592
1763  585
141  110
1442  1165
352  278
1672  855
463  731
224  1404
743  1109
884  260
1469  1455
1453  1864
1213  348
274  1881
558  1266
1907  1687
1719  310
1731  188
57  764
611  1445
1969  1062
78  1810
1741  1026
1907  833
1220  83
1839  893
888  1326
1465  325
492  1009
107  1035
267  1982
742  1562
452  308
187  1538
667  1386
341  152
1326  1994
1739  1888
860  264
963  776
1771  176
1043  749
1256  46
548  1409
457  104
56  1300
1245  795
1448  251
1343  237
541  1058
203  767
289  1178
425  524
786  6
288  1946
1651  614
664  122
194  1974
814  993
436  808
46  338
1114  1891
1942  370
1377  912
1222  1379
1636  1428
848  863
491  21
107  544
1038  1504
1109  1988
575  1491
964  1124
559  934
78  1449
1575  882
588  1414
275  467
814  1926
841  1297
421  158
1174  337
237  495
1962  1785
815  519
1592  83
1530  27
902  1588
1132  1684
114  1303
1292  1855
1405  1600
1557  521
1321  1913
840  1162
1821  639
1819  1100
420  1532
179  1205
1974  1679
1167  1366
1269  770
80  318
1292  1977
1634  534
1375  708
1835  1471
1902  1042
963  792
1587  1223
1638  152
923  119
1999  1812
1075  1823
1601  907
1863  225
1222  858
697  793
990  225
646  51
489  789
409  1998
597  2000
66  1854
1559  1370
1126  1033
344  1776
18  1860
397  1802
291  1134
1121  1030
1123  1381
730  1272
1727  1457
232  1831
501  303
1130  1483
695  412
1784  586
1129  1510
669  70
865  1204
1786  65
12  1339
1598  813
571  1623
1484  1565
686  1521
865  101
974  1069
1753  1928
1048  714
9  1293
1000  374
1460  1835
330  868
537  1194
550  1719
569  405
1687  1253
1060  47
1240  2000
1631  1374
1491  1789
1334  1696
207  352
1556  612
1805  72
812  1313
1163  1191
1264  1371
495  1589
1867  1811
1573  713
1748  906
84  534
1809  152
768  133
529  33
1554  782
395  328
858  884
1380  1525
1952  1823
76  385
172  1165
782  377
866  809
737  1510
1332  232
326  614
538  1849
1732  1080
955  591
667  467
1333  1743
596  948
232  1875
1230  1530
882  920
932  1457
581  880
1994  749
955  384
1308  1564
1445  1012
1724  1478
755  25
259  1311
1895  785
1393  1765
157  821
1490  970
452  1259
1896  178
149  1061
1419  1926
3  1240
1014  1282
1077  1377
751  979
341  1989
1076  1482
1440  823
1825  1123
1541  207
230  416
703  49
405  1772
1739  1345
1009  1330
1878  103
273  489
136  107
1735  1695
1987  695
1770  439
1272  1129
1867  1994
1752  508
930  1940
435  1217
1137  1188
1537  89
1386  749
401  1954
1321  837
1879  576
233  1737
173  477
799  599
1522  810
413  1974
342  218
1165  1251
883  495
220  1038
792  1533
933  551
1380  1300
155  1057
990  952
952  406
938  541
1526  855
1160  135
244  83
162  1305
1885  1815
1996  1269
1268  30
1655  811
303  766
556  806
288  437
252  1686
1175  266
215  1986
636  1334
633  653
815  1718
233  145
980  169
1186  530
510  294
698  189
102  738
1648  1321
1758  958
1719  414
1436  334
144  145
8  518
962  1221
1414  1137
368  669
763  1030
759  1434
262  905
805  975
680  1945
1238  1453
1026  1311
1435  738
1851  806
520  1208
1959  529
1598  1306
1481  877
189  1082
1063  1437
1936  1750
339  1960
892  958
1440  1305
1435  451
398  1700
669  422
739  493
1573  1407
122  512
1035  1343
1697  25
128  944
1830  1387
1518  1044
650  1308
624  304
1838  1446
835  1920
1073  1810
66  437
223  346
301  1668
172  1677
539  1756
174  631
862  634
1261  837
1945  1736
25  1547
1295  698
440  255
271  1144
789  460
36  1006
1344  1436
477  905
1843  556
490  239
1177  649
477  1297
578  1234
12  1334
360  1468
76  1168
1406  722
1023  1692
1214  143
988  232
1520  769
584  190
1104  1546
1021  480
1223  217
556  1162
305  845
1969  266
1311  1196
1499  1921
165  132
1089  681
454  1489
1490  488
1690  785
759  1418
1353  770
1070  1424
299  279
354  1880
843  1278
1531  1114
129  707
1451  1637
103  1145
626  478
1771  915
833  1126
1002  1711
1176  855
1772  310
1463  1041
944  1703
827  1535
707  4
877  676
793  781
1973  1015
1757  842
943  1953
851  44
1834  1378
608  1805
1032  1775
1249  224
88  907
852  1544
1702  1955
1621  366
169  1550
1551  442
267  49
748  1838
1456  781
860  278
957  1444
1039  198
735  409
1255  546
1587  414
111  1966
371  1686
1582  178
742  1821
396  1783
1070  1007
1968  477
961  1814
433  729
644  617
354  841
373  1229
527  13
57  958
1853  1357
1179  357
348  536
621  994
1828  774
1172  1044
1554  1885
1054  1556
1670  125
1070  812
238  284
1041  785
835  24
196  1920
1864  598
1634  295
1072  1067
1335  605
1278  1361
1921  1820
297  717
1210  363
661  1399
232  135
486  1775
1227  1850
887  879
875  132
313  564
1990  1492
309  886
1317  524
524  232
177  1577
865  816
1920  701
501  1718
1014  1638
980  1641
892  685
526  993
923  313
273  686
556  1267
1577  629
739  647
1608  1682
723  94
454  1474
1298  419
736  1217
534  654
1528  879
1576  1758
1836  736
50  1524
1020  1028
753  568
1232  781
374  82
1146  700
1919  1691
1910  110
1833  1336
1206  536
1857  69
929  1834
1661  1880
463  245
1937  1253
583  912
539  454
1908  1962
1744  1757
1618  270
436  1011
931  200
1611  1215
1834  1126
64  754
1225  1565
1978  403
1204  1392
1768  1650
1215  1855
155  455
1714  1340
1631  1439
1427  1974
1101  880
1633  1506
1549  810
1352  723
1247  1030
1310  1280
1104  1314
1773  890
1382  423
331  747
856  1130
227  490
1692  1659
24  868
1256  1142
382  1394
1740  1779
1327  997
389  941
480  1820
1700  1945
634  718
1281  1440
1220  612
1623  299
7  499
1128  159
1785  1567
1594  1681
176  1478
507  529
710  1635
1072  849
69  1254
1538  256
900  477
1351  876
209  1820
1356  733
914  952
541  1895
422  1622
1645  1123
662  915
1271  645
1333  207
1041  1709
1485  384
851  1232
1683  1551
188  1783
1576  1068
840  459
61  967
450  364
421  1016
698  1144
1346  1750
1501  767
397  838
130  1355
1703  587
1495  71
1763  226
1235  181
1392  1782
1231  1414
81  1313
735  1920
665  802
127  167
1030  981
1493  1390
1231  179
801  350
1932  1460
1559  676
918  140
72  1956
741  1328
514  194
572  1397
657  981
1287  1508
1052  1171
15  1518
1438  29
1005  808
872  1125
749  259
79  1884
1120  1288
477  866
312  1907
1730  292
1868  361
949  742
1930  451
1271  696
895  528
1481  1502
933  1588
2  116
1351  1942
1161  358
1861  1593
400  384
539  1776
1553  1587
864  352
30  1558
1957  601
571  1771
590  263
550  223
1892  772
1556  1799
573  112
1568  1062
196  1957
353  1552
460  1114
1507  69
1892  622
985  701
1999  1400
202  1892
1510  1683
1844  877
773  1047
1386  1380
135  1879
252  1182
129  978
1702  254
96  864
416  356
1236  1977
1638  1870
1902  69
648  1349
879  1274
768  1995
756  924
796  1379
1428  1138
58  445
1816  1882
1900  779
1909  1510
895  377
1107  216
608  902
1844  796
1777  734
1386  1534
1383  251
1003  1960
35  1894
1255  568
331  1066
1484  381
135  1773
606  1676
764  1038
955  1809
718  1287
1249  1442
1318  1303
273  1497
1987  596
571  1987
932  356
1047  1624
927  285
1565  1045
384  1383
1253  1317
365  1564
1960  1672
195  1244
1405  1961
98  1054
1073  145
1493  1259
1322  642
1350  1070
279  592
1515  878
570  315
1209  1056
1360  1447
775  157
1620  957
1077  581
1054  1567
1825  953
1056  1034
1245  882
581  98
1705  1347
1159  28
1785  790
199  544
443  1561
1739  1708
1733  1477
1788  1301
1989  804
906  320
706  1453
1626  59
754  341
1235  1569
745  650
303  1124
1741  980
1591  1270
255  1505
1500  58
208  1756
493  975
822  1509
110  1410
1595  1529
999  644
851  238
880  1019
629  45
1232  1163
1547  1148
1420  1172
1275  341
561  1707
427  795
1767  1965
252  110
472  1015
1993  297
1364  981
1218  998
5  220
1746  1835
587  68
1021  167
1857  873
1579  1375
1346  1809
1168  1327
1087  6
1912  437
650  1997
1297  1128
1474  391
597  1140
1976  1183
601  1076
17  280
1845  1328
1967  1415
574  40
1135  216
1859  1269
1947  1963
387  1746
1263  852
1703  1259
1614  1632
1719  1668
540  649
262  399
1689  666
131  345
1382  1559
1822  1502
659  1372
134  1561
1094  609
1521  79
1629  350
537  101
964  169
404  1269
1800  1370
543  1204
105  380
949  1449
1237  1029
1333  804
138  877
571  584
951  1482
454  1093
1477  1157
1250  364
971  296
1592  1601
1651  1379
1405  1873
1792  614
37  1495
296  1420
1381  980
1266  643
1686  232
811  1893
92  817
1768  105
1830  1346
1037  790
1751  1891
1541  1149
148  1042
114  1752
707  580
1962  1335
1059  1879
149  1894
1302  930
828  1980
320  1681
1523  251
1603  1198
1602  1544
207  1730
1279  1193
1826  1875
1692  1263
1103  1357
217  1178
417  81
1153  132
898  899
1046  1498
966  554
1377  792
1400  696
436  89
644  1683
408  1121
896  903
411  1782
511  1395
902  908
1330  368
553  653
1802  881
907  883
359  970
336  1687
956  1392
1339  598
1331  775
1313  1514
1125  1094
454  64
1291  1568
180  950
1757  986
1495  834
1456  1676
1726  448
1483  1138
1187  81
538  980
1657  276
1252  1020
265  966
1206  488
430  1049
1739  343
1040  795
755  1060
1542  630
667  1700
188  555
1176  1358
1152  522
432  1107
61  190
1585  1652
1165  1152
1982  1269
352  844
1052  760
1106  655
120  1352
1137  817
1127  463
980  338
81  61
506  1974
765  138
1118  1177
1935  462
1350  266
284  813
740  1776
987  1853
1875  141
1195  431
1143  1462
1603  420
347  573
1325  1515
369  1857
1004  1211
65  1007
1431  677
1489  256
371  958
797  525
1373  301
1871  1125
937  1522
699  1696
181  1707
1959  1130
1775  1642
1767  654
1132  792
218  1905
497  362
1962  944
1856  506
495  757
1475  1802
113  858
1075  993
945  1453
524  548
1742  1370
1436  815
1921  1791
1120  328
1304  869
574  1292
1806  49
1719  860
1938  1107
311  1882
44  1269
931  1558
649  572
1995  420
580  1579
1871  376
1081  1334
1986  508
1314  979
132  228
205  1493
1784  955
118  616
154  1823
1881  1562
846  1108
959  15
729  85
369  1017
1513  1792
1660  193
787  927
857  806
1482  1543
1625  901
669  375
1394  1626
717  77
211  859
1388  475
1793  371
664  272
684  1458
1077  72
1698  504
847  1109
1509  595
1712  1280
68  525
1623  591
137  898
1119  137
1583  1127
398  382
517  1552
1314  1761
329  1839
11  1526
1421  758
643  1984
833  516
504  1734
317  1613
692  842
445  1974
737  1123
526  1699
357  1896
183  16
1420  1501
1583  749
1004  1446
1059  1320
1100  1280
792  1591
990  1352
375  639
13  1639
1723  896
256  734
471  1904
248  1212
1793  984
436  785
1016  1876
1302  1607
803  1570
1917  1840
918  1593
176  1921
1843  838
345  1394
979  479
409  16
33  910
1981  1228
1196  239
1278  1741
109  502
922  1001
804  1150
1384  4
1378  807
1222  1899
1360  1833
142  1907
1177  1447
1715  1436
1564  72
411  1063
1017  865
40  1360
1700  938
1601  1904
1360  1161
10  568
881  1238
1748  1360
1405  1186
1445  25
1464  77
451  1401
1925  555
808  761
1255  1348
150  1912
948  1699
1127  620
446  1558
1743  1847
1793  621
534  1768
1445  885
542  143
1081  309
1891  1724
84  898
1196  1488
1163  687
802  1643
409  1849
883  78
223  563
1352  863
1055  1498
999  960
93  812
1032  1016
981  855
361  31
365  1189
58  1649
572  353
334  895
1250  1282
1375  1123
1738  346
805  264
1468  997
461  670
731  885
473  1371
92  1747
1040  1535
964  808
1295  375
1128  1055
1697  1182
1896  1632
292  1178
895  1723
375  1701
805  924
1698  927
360  204
920  743
1431  1555
179  1287
245  571
1938  95
772  1479
579  898
1322  686
1370  1924
1005  844
1394  1631
926  1450
1668  1230
1543  1894
858  403
1971  1299
1330  782
1730  1809
1091  71
1171  1897
1015  1431
204  709
1189  1524
799  1101
1512  963
959  201
1374  539
1132  276
290  1155
65  1272
860  635
493  851
1448  450
1409  235
435  1281
610  1726
718  804
1518  565
1950  1063
716  625
1612  712
1250  971
1886  1630
887  1030
1857  422
1235  1923
1362  1094
88  972
1876  1815
1720  224
490  534
2000  1502
1088  1709
1932  716
453  1557
356  1946
1863  1082
104  328
597  1830
384  29
1019  1093
1040  105
1637  1557
1010  265
1434  1972
1733  1471
975  1844
12  280
1030  1138
959  856
357  858
0  448
1493  627
673  878
857  1252
1818  512
121  152
751  907
1342  1155
317  121
1773  1412
794  1489
1197  722
66  1094
1536  1547
405  1188
1325  873
818  1818
1586  1456
840  1891
1096  165
1288  1791
1553  24
70  1000
672  790
1310  242
1823  1124
1150  118
1455  43
1920  450
1603  1764
1149  1741
1179  1536
865  1033
766  1322
501  1264
87  557
1441  619
1755  1893
869  519
778  1366
397  537
1356  100
459  1791
1945  592
342  1075
1321  79
340  1704
981  128
1914  1970
999  925
1094  1110
725  193
273  1304
455  1662
1275  673
636  802
1701  678
1319  69
15  1418
1441  1049
452  412
488  1265
965  552
782  804
6  1563
1906  879
795  1356
455  469
1011  623
626  393
554  836
1489  201
1381  41
797  1854
1516  1385
810  1621
254  1043
7  414
1764  794
1878  1790
1374  788
1936  1172
288  884
88  508
1914  8
1348  546
1805  935
1030  82
1490  1542
1248  1976
832  190
1718  1223
587  1122
555  988
369  1201
1178  1814
1426  79
1529  111
506  1515
416  1992
159  118
119  834
1601  247
1684  765
385  1241
531  829
254  1443
133  1270
1283  211
1080  1033
400  1546
1350  1706
1010  1194
1704  363
670  1743
298  1826
156  554
652  1035
191  302
1715  1914
400  1869
1826  567
1903  1141
1771  1190
757  777
1346  72
1781  258
365  890
860  1687
253  655
1659  1244
917  359
1413  1689
427  1633
290  1763
1480  1694
589  457
436  1440
1321  248
1165  304
1139  1681
997  382
162  728
1529  903
1912  859
1895  487
1143  568
1986  1240
1533  590
414  1673
1465  1517
1726  1869
1639  1780
655  623
1621  1884
1698  1967
1439  644
1109  334
439  1937
285  791
634  1573
1161  1387
1616  971
832  1037
1609  748
549  1907
1498  1063
439  1761
1343  1532
480  1315
919  1297
666  1188
2  149
1443  1758
468  1869
1719  1119
1467  1544
295  358
471  613
1434  1929
1565  1665
1822  1186
1721  565
1834  1789
1143  928
316  1138
450  538
639  422
28  1664
703  310
843  486
1671  345
347  561
1911  91
456  1022
507  1251
1584  1718
688  1377
655  8
171  914
1120  1243
510  881
678  1619
1349  1573
1096  446
139  1973
997  1221
174  947
1305  1881
1388  510
1126  905
452  343
785  839
588  781
1240  1370
1887  1064
1728  1215
326  549
624  168
140  1212
997  981
67  1257
1380  1395
814  911
27  823
1880  322
1949  529
139  12
42  309
1819  577
1732  424
984  1477
291  1763
500  1527
1029  1414
1768  923
1681  1969
1232  930
1935  1469
156  1385
1409  853
1952  233
643  166
275  1484
7  248
1335  695
1904  905
1083  338
792  807
1412  1179
1996  1361
1594  643
1619  944
1975  1861
916  1716
533  508
169  112
365  1099
627  45
1362  1423
392  1681
609  437
1482  704
169  259
651  1539
1737  146
256  746
1724  1447
1123  1630
1623  376
261  1217
430  168
257  962
340  1901
1627  1892
1783  1927
1754  184
55  679
1367  1660
26  1504
1106  0
706  829
808  1461
677  1459
952  1508
940  912
1229  1806
1000  917
469  1845
1833  1935
1630  108
1950  1477
196  1458
1516  1994
733  1657
419  1019
658  1257
686  1054
288  1690
1203  675
1466  2000
167  414
184  1499
95  460
1190  1051
875  1281
1911  1515
69  1561
903  1212
1618  1683
1377  732
677  620
1515  924
761  211
295  968
1191  1909
260  571
501  950
863  740
1890  195
153  53
887  97
1995  183
604  190
1476  1170
955  1278
893  258
986  194
1455  571
666  486
777  1797
777  494
1593  1600
1053  1181
1473  1105
469  759
648  1033
181  198
1625  1348
809  22
1995  1373
919  202
1755  1192
29  1066
1366  1985
469  1623
1299  1405
12  883
1678  1006
166  710
1194  1370
1744  1000
712  1578
1393  1818
416  1991
683  1614
455  181
339  31
1335  1933
1681  9
1490  1946
61  129
484  1812
758  1579
1859  1198
527  1678
891  1883
128  1512
1025  1642
599  181
1628  1479
1578  1083
1125  1171
448  1209
1600  91
1288  288
973  1755
1592  1641
1685  1629
586  1100
891  1610
1380  995
782  1161
888  1775
614  1310
1823  869
1986  513
762  1228
563  714
1388  902
1960  1892
259  1786
421  754
418  613
670  1746
210  625
875  1680
392  222
810  1191
686  1009
1108  1838
542  425
1123  382
556  1975
614  505
1365  1605
1111  1083
769  807
986  82
667  89
88  1330
1898  1212
1344  483
392  1517
1681  132
512  1072
1100  332
68  912
1998  370
172  1215
589  138
602  1011
730  390
1865  760
1706  455
712  95
347  1730
202  1761
942  488
1218  1617
877  1664
414  221
1910  1603
3  1983
432  1371
532  1011
840  1203
1230  1983
532  1926
1881  1497
1132  178
1269  768
34  1201
23  1857
589  19
1921  1755
1804  578
1010  369
1724  845
359  1821
1309  1888
803  716
220  808
246  1468
1332  878
745  281
1468  737
654  1445
1278  909
1902  1760
1709  354
1444  1435
1605  84
108  1614
1490  944
284  468
640  1397
971  385
397  1154
547  402
1919  1798
85  550
1200  1717
1513  1934
1132  1701
1308  250
125  1511
826  1346
957  716
644  1766
473  1819
890  863
287  1901
354  1971
1815  218
999  1376
889  1979
490  1571
1946  445
409  1394
1046  131
1207  82
0  904
1200  287
494  633
245  341
1102  712
1224  1615
1459  1400
1304  417
1846  919
1284  1759
1314  1611
1430  716
1491  1761
1275  990
1853  1533
1577  265
93  1224
1872  19
226  1918
1328  882
1587  146
14  1546
188  1256
586  1890
1721  1949
456  1878
53  95
597  753
528  133
1022  118
955  646
1453  1259
119  1254
54  399
1475  263
1649  364
1186  1781
943  873
1742  1554
633  1456
1999  1677
1057  1609
1961  619
765  997
1891  415
151  261
1782  1571
1765  992
798  1465
981  1571
1365  981
16  1453
1151  709
270  1042
1884  526
268  1015
1335  241
181  1378
1940  301
1585  304
1900  876
290  781
1106  929
1691  540
1161  1931
1755  1300
1014  1911
809  687
986  1028
668  1405
695  1094
717  600
651  50
984  3
1363  1875
985  74
1060  1409
1509  1372
1211  364
480  1020
1646  717
823  368
305  944
1288  1162
1531  789
1740  1736
499  156
306  1963
1302  465
1768  1120
1472  1770
555  1542
1836  1430
440  120
200  1550
1694  548
654  706
601  204
1606  510
1813  1019
902  1276
1153  1497
1191  935
1335  941
246  669
1142  699
1346  1987
1585  1148
1198  1274
991  33
254  376
741  1763
1981  1921
1075  473
82  1908
565  1366
717  1817
625  263
124  355
1173  839
700  905
1885  1163
1598  1209
1714  1567
1585  1440
1366  1459
419  1147
1630  682
1876  1688
1226  1618
328  1748
1881  1737
523  336
1867  498
1510  1767
334  997
951  357
1296  1554
1961  1728
29  1622
243  1012
341  1840
330  513
247  1495
919  1260
705  1977
717  259
1349  1750
522  728
258  1017
1901  439
1344  674
1144  1754
1872  1348
1441  826
244  491
1924  83
1721  1057
1028  1000
1403  354
1378  1033
1378  780
726  456
759  1116
591  583
670  141
555  145
243  327
1980  806
1458  726
1474  1999
1993  1888
1200  1027
501  238
265  1768
792  1520
1042  1442
1678  1975
446  1346
1397  22
198  720
760  1634
765  1984
468  1322
703  1700
1941  88
710  940
1598  1558
1449  815
679  1851
1182  1894
219  1090
697  703
706  928
140  950
1072  1663
643  724
783  1799
628  1563
1251  354
756  1197
1704  1179
1226  512
344  1435
1046  1446
601  680
820  1953
1000  1583
338  34
1916  502
1055  1162
997  1164
1630  1719
1254  1792
365  1617
1616  853
485  1111
642  1806
420  12
1383  411
1219  805
1196  1230
899  1914
1709  1574
74  1982
1483  10
1357  1300
423  1125
684  943
946  476
46  1754
33  436
1353  330
740  1675
380  1064
1514  1061
209  1313
1018  919
1306  1547
300  23
1807  84
1478  1402
712  310
131  1899
1948  1348
734  57
1212  1699
1365  116
1854  1667
1475  788
1195  1624
1848  1537
1356  271
1798  1562
1309  938
486  691
12  1704
560  814
289  1405
985  30
1615  1595
1270  579
257  257
934  1046
750  1053
1166  1333
709  905
842  840
261  1171
476  1637
824  274
240  1349
962  421
1450  1105
1218  542
1045  403
720  748
1161  1549
1597  410
250  1405
491  514
179  1291
1973  301
1375  744
75  860
1815  1060
437  981
89  905
1225  1970
687  445
1130  459
1581  1277
1283  1446
24  1426
331  1847
467  61
820  1404
1103  514
1386  1617
1846  1595
754  93
1392  1906
1926  260
268  818
357  626
594  1001
1361  389
1471  1079
662  1325
364  670
77  935
311  1960
961  1110
554  883
632  1637
80  1489
1073  46
514  89
1907  245
777  1294
821  691
616  719
680  1719
411  1365
1862  647
1925  1423
1813  473
1264  1960
1963  1445
1822  312
1258  224
953  1781
1262  1473
564  1990
600  1233
754  508
274  1161
1689  364
522  173
210  520
1473  1656
846  1175
562  180
1246  1343
1594  1871
846  402
799  1384
40  828
1773  979
1023  1862
1682  1672
1869  1848
1850  843
588  71
932  1
751  1533
578  1728
873  1906
612  609
622  1202
1552  1289
355  1872
708  357
887  82
1755  1213
1640  1808
1889  598
1454  1583
1541  1803
143  1268
1367  50
903  1725
1861  299
1136  1473
36  635
224  1871
1175  449
1933  801
1989  782
453  303
210  1360
899  1780
1893  800
478  1046
98  416
1670  1296
10  1594
1630  209
1843  1429
170  1163
438  1798
515  1691
1102  891
559  777
278  703
468  1857
988  1093
1034  1931
1907  144
265  674
1392  1344
1252  734
916  1593
1541  1627
107  333
927  505
301  1489
1230  739
76  947
1904  1205
1364  1650
375  1839
981  1633
1451  1216
168  520
284  1296
1248  1080
943  1916
779  656
1026  556
1125  1538
1335  1267
796  38
1575  273
468  1819
1762  1271
1578  1351
20  1611
1918  1412
1575  1449
486  757
1275  1341
1823  1886
1296  521
64  1617
127  1473
458  319
385  1780
386  782
272  1382
700  69
913  1387
961  24
665  1310
811  1202
185  1367
279  1181
1901  287
168  378
471  298
624  1682
833  235
1329  1248
1154  651
28  444
1872  93
1826  54
1355  316
1955  1971
1733  1602
1715  501
171  1379
209  1382
1904  470
130  929
124  672
240  434
1884  616
1715  615
477  1920
1362  106
1768  1449
1391  202
716  1534
755  1415
293  1969
708  393
416  1297
458  1146
488  319
783  1756
1413  75
1470  339
891  691
432  1432
1019  1875
633  1031
1064  1410
309  1152
373  1730
1591  1081
177  1603
625  1224
883  1722
1888  1864
833  1153
572  301
198  1199
1256  550
548  677
2  463
1024  1945
1923  812
245  898
146  1950
1863  203
882  1473
3  1930
930  571
1862  1766
10  1253
1693  487
752  1309
1066  1810
1425  1350
350  1721
1894  121
94  718
500  674
1991  731
1933  1367
8  1089
955  1709
226  765
37  1058
938  1526
6  1946
1781  1867
122  1027
815  1086
1281  503
893  870
727  571
346  1803
293  362
263  811
345  1880
1593  770
367  1482
972  852
407  1999
1042  695
340  1973
1119  973
890  1219
1211  1890
75  243
306  1437
843  445
1182  1124
671  1285
519  816
1326  1775
299  1943
1650  1625
198  1000
1408  1477
1918  1775
1233  1853
1520  643
1780  106
787  1257
1373  1852
1659  737
185  1149
1856  297
1786  1741
332  1575
820  1283
1617  227
374  1487
1376  1800
1625  1948
1547  109
350  432
894  730
1262  888
721  184
1851  881
170  1355
407  244
1562  336
1173  802
1201  1901
1606  976
1274  1058
897  897
648  1530
434  56
331  524
957  895
1978  484
1571  1565
811  976
1034  785
1015  112
947  367
1971  843
636  491
1767  1135
1529  1627
1411  1880
611  1215
738  1050
266  1186
1823  1087
1071  1782
926  558
307  1941
499  1846
755  1294
969  1178
233  943
150  41
1258  1643
688  287
1315  1181
1064  1068
1100  1853
1243  1508
1492  598
1828  1677
749  299
852  645
1836  236
665  1004
555  1470
1578  1176
937  980
631  1830
1559  1412
125  838
1351  268
1081  1933
236  805
39  128
1518  1510
900  1543
98  698
1415  967
1772  1292
1036  843
1330  1858
723  1396
1587  1789
266  1810
1110  1888
374  1603
1490  868
872  1344
1732  1889
345  987
511  1452
91  1215
701  1884
1950  1253
654  1463
338  965
750  208
344  1571
1172  136
1542  546
1160  144
89  1855
829  46
1693  548
118  843
312  1334
291  1560
1074  573
1984  26
1020  976
1394  186
997  629
282  1932
1917  955
1033  752
547  1462
154  641
590  1208
696  1046
1827  500
705  1697
710  1047
1310  204
1371  1929
810  1300
1715  1957
869  1643
73  888
689  669
1374  1801
384  180
1554  556
1506  1174
904  211
570  1228
1179  1189
413  950
662  1057
607  900
1777  1967
471  1628
72  816
1298  288
1851  1089
234  16
1580  903
798  1030
1405  804
96  1060
1431  1018
253  1704
1532  1831
384  1549
900  539
821  1674
519  974
1281  1588
1711  304
1401  1220
1053  1024
1761  134
567  898
1601  303
163  498
794  1488
1294  1121
1279  1555
65  412
1296  1175
737  1131
810  1662
121  473
1165  115
490  452
925  1889
1326  1948
1721  1857
1663  1641
1351  1646
180  1295
814  722
1464  1821
1759  1506
1204  1615
1226  1778
1216  453
975  406
987  186
936  381
874  489
802  337
1783  1011
137  387
685  843
657  588
667  628
1993  1692
1331  1880
427  663
509  1348
47  933
184  969
144  67
1658  294
1707  1920
1326  21
1922  1106
1727  59
13  27
1336  1066
1595  1001
279  1571
1818  29
1460  1293
637  1146
1324  1916
1013  524
562  1059
426  541
1418  1779
1392  365
349  78
1952  129
1599  191
1622  1819
1439  1044
749  267
856  1651
1297  1086
1489  708
913  1017
1251  792
1707  1459
1915  1303
212  241
66  1072
392  1068
1094  309
704  1547
1315  519
400  431
510  1953
1036  326
1306  1322
284  1421
1008  1804
505  443
438  256
1156  233
705  607
379  1676
91  990
791  892
221  803
1110  669
1313  1988
113  204
342  1090
761  1655
1297  1391
1912  748
177  474
362  1350
677  17
130  1066
783  1722
20  192
1368  1581
963  936
851  1891
1916  1081
847  334
558  110
1571  1947
1289  1063
1675  533
1979  1505
1515  270
512  152
143  294
382  1924
1243  291
1196  364
1503  588
1680  1106
3  1633
418  722
1073  1176
472  1152
1918  1262
226  1073
41  1482
1734  628
1080  2000
1501  1103
1807  855
1005  1556
1836  1179
752  407
1837  1743
282  400
860  1027
781  1849
1467  1118
258  666
127  604
442  1528
862  1720
786  39
341  1709
72  174
770  764
770  1548
890  1155
1057  451
1312  463
1340  176
1951  1170
650  589
1869  932
1332  1402
654  1816
71  79
1426  1263
790  364
1471  633
1594  293
760  197
917  1747
1167  1572
1705  371
865  1550
1083  1951
497  1587
100  897
1843  1532
514  824
486  1761
300  800
1533  1624
400  637
101  1872
219  376
607  748
1888  98
1941  793
1795  1178
1871  1817
177  608
226  1094
625  4
1156  826
1310  1364
1319  1084
655  653
647  1136
275  1410
1235  580
68  1974
160  273
525  320
206  1403
191  776
363  644
475  940
12  1986
1549  162
656  1098
526  594
77  588
1682  492
123  1729
1935  120
704  315
509  134
1519  1789
1371  411
1552  865
20  891
983  801
618  1242
1593  1779
1034  22
195  1415
1352  1112
1432  1895
1332  1484
183  1380
920  1326
26  1440
151  1593
131  160
1088  583
1688  646
274  678
677  1809
637  701
682  500
1778  242
1035  295
0  1157
747  1842
102  1699
1894  1780
1445  1459
1133  598
1155  624
1509  1756
1819  370
1949  1455
1253  371
823  704
44  1545
101  708
529  1161
718  1795
1260  744
1349  1472
312  1871
1006  1623
1800  380
18  232
1906  6
1364  913
831  1482
1034  725
1699  1
1863  1310
1663  201
1516  366
1490  1053
421  726
1453  1860
1221  528
447  1465
75  1720
1692  1824
531  1692
1177  1023
670  1268
427  1355
921  1238
1376  969
1605  664
833  1042
1107  1426
1163  1771
1342  1699
101  1386
1774  858
119  1892
1435  1850
1118  98
995  333
981  1148
394  1736
155  1268
750  1210
66  84
1837  22
998  1686
678  1979
1273  1679
448  958
322  1646
1437  1398
1654  562
1968  179
464  514
977  1648
555  529
524  1361
1489  409
572  191
670  889
1438  281
1904  1334
363  967
35  737
1666  1971
1718  1307
598  24
909  281
667  1652
10  268
1660  1043
361  1797
964  1670
1692  410
210  1781
142  480
1860  1230
1338  1073
1937  1197
1429  1879
553  1196
1095  636
871  1820
1535  785
1682  1181
1962  615
1579  1607
1523  1170
1629  1238
519  1614
584  382
1795  1035
1285  982
1666  1263
923  1267
1338  1984
1735  458
24  958
427  30
1923  638
941  754
537  1631
1311  1381
1257  83
1809  439
1894  984
1674  242
131  1770
1758  193
312  221
1763  754
540  1174
1047  1592
1276  1369
1235  1582
306  1829
160  673
359  1683
901  440
1076  1889
1229  183
1443  359
1813  187
714  581
1075  1658
720  1615
874  84
1721  449
1370  996
747  292
1762  57
661  71
1322  859
783  1953
267  880
364  675
1461  1865
1124  311
865  1630
1522  1404
1161  1865
1191  315
102  212
1816  1968
717  598
1075  1839
1164  1373
1803  641
1037  899
1272  739
1752  1541
1589  1852
1121  1359
535  666
1474  1762
1032  1576
721  1796
1292  666
851  1404
548  491
1870  380
637  1578
817  500
884  48
1271  1414
1862  1779
312  741
901  1991
1890  588
21  840
1168  357
1651  69
40  1816
1725  1833
1917  668
1815  56
302  563
1731  839
1070  1078
1921  440
1365  1026
1738  349
891  330
1471  607
664  362
1764  500
1633  437
411  976
291  1569
1746  1410
1746  1437
1978  67
203  797
977  932
982  674
673  417
1067  1923
632  1955
157  941
1756  449
1479  358
738  778
525  777
455  1525
1273  1598
713  1347
1091  462
320  1844
1820  402
146  1472
973  531
1717  673
1166  1490
504  1752
634  1044
1360  650
1721  323
1179  1284
204  898
990  536
1580  816
1716  1583
1490  406
397  911
1647  687
542  1321
608  1923
883  269
845  1444
156  196
1865  480
620  666
718  1120
145  618
1599  441
536  707
709  1143
241  1295
1333  363
903  743
857  1703
1042  1509
95  440
343  931
1978  268
366  1714
1206  303
1803  1597
946  1289
787  508
1086  277
845  1151
76  1373
1695  1854
1920  1770
318  899
799  1952
435  1420
1444  771
660  169
1996  594
316  1984
629  1800
1498  1422
1714  1247
942  895
1920  1403
1177  930
1708  1993
1013  55
829  1369
186  610
1225  1005
1795  190
162  1577
1642  1467
91  817
475  1012
1574  246
577  1742
873  957
1841  1491
182  454
1350  1536
1868  1428
1825  1286
669  1634
544  68
851  1327
1707  1916
397  308
711  1755
982  834
1475  1835
1282  178
953  1748
1252  267
270  1668
1172  222
66  751
1473  810
1530  633
1002  1572
430  692
1707  232
550  1867
722  665
797  453
1557  1398
1019  439
1562  457
441  485
1647  1183
508  83
1733  1215
858  901
955  1106
1204  1185
1261  1328
1974  1494
1258  316
496  224
1088  709
486  1554
1273  134
432  838
1596  16
1243  1096
969  948
1034  751
1119  781
812  581
654  369
792  1857
1064  818
1234  1860
1109  1089
1194  1749
1443  401
1625  775
508  1870
1742  1520
1850  1146
1980  201
68  993
718  1361
912  1676
1746  102
765  1388
1640  1770
1847  1770
881  98
1236  1560
397  1936
1771  1965
1843  934
248  1696
1614  1993
529  919
1287  1008
850  1098
1269  29
1254  808
7  1100
758  1016
1652  350
829  78
155  1218
226  706
1758  981
296  1210
1225  1973
583  1934
1775  758
1645  118
1171  841
1295  592
1180  1709
1934  1300
1587  799
397  766
393  1558
1551  908
466  1399
1286  1924
82  1901
862  1836
1475  1313
1381  1601
1970  1266
131  577
1346  554
155  192
43  497
740  507
247  1100
1047  1474
1227  364
293  1210
743  986
795  1519
1478  1393
133  1569
1479  1624
932  1249
707  311
508  210
601  1907
997  1267
995  1432
1539  1373
463  1267
1354  190
60  1542
695  1498
1413  816
117  1901
1858  777
610  1418
1222  396
1237  1398
329  737
1428  1340
523  124
1936  1645
885  1901
490  1271
338  947
1640  289
1542  1244
854  8
1415  308
517  692
959  182
1965  1076
340  361
550  822
1493  1146
911  1834
1376  414
905  1940
956  1897
475  1355
403  1797
563  1597
54  1638
209  1315
1359  1768
806  414
1151  1568
1636  1307
388  1218
1826  1725
534  1047
1630  69
1149  1545
926  187
153  60
1419  960
1941  432
1889  988
1315  1775
1324  1358
1687  1933
27  1743
309  1020
1819  1075
1393  1715
1397  1582
333  1922
1422  652
377  1239
850  674
144  1812
218  76
1045  1507
223  702
1915  1526
919  1789
241  529
869  1111
1470  969
508  892
91  1831
987  230
1828  1827
290  1254
729  1601
629  1994
1197  588
1077  1921
1917  1080
807  356
1935  860
1945  899
1265  757
789  974
448  1321
343  374
1929  1425
693  723
298  1779
1500  427
244  712
768  196
221  1458
127  1527
377  543
1164  1074
1541  137
288  1177
1044  1933
1524  525
844  184
1975  713
1431  1548
1029  701
466  1101
1931  1237
1812  1551
797  54
1613  201
1548  1729
1179  1041
1756  1743
74  1461
1811  225
498  746
1828  722
1383  674
433  893
1056  1022
670  1990
590  1244
610  1713
1929  1115
383  1082
902  174
1013  601
623  515
1581  397
1912  535
963  518
573  1637
1501  1342
1124  134
1287  973
958  1478
1421  1890
104  780
1371  1662
1503  1503
220  902
261  294
304  299
1717  1023
1340  1078
1545  1939
85  1286
1393  1406
1548  235
1097  1364
1352  883
231  1002
668  149
897  1276
780  1429
1377  1712
382  1002
1084  868
190  9
1651  1243
1877  1385
131  424
429  115
500  752
1531  1410
5  1856
566  585
1416  675
1527  1877
589  1235
1263  1860
228  726
1646  874
1875  1281
1129  286
1671  641
1323  593
1122  1778
524  758
1079  418
253  1330
1025  1476
915  1879
939  1642
811  1280
1054  150
954  358
1265  1569
1225  487
424  241
231  1586
205  388
1864  369
532  1325
940  201
1638  1323
1645  452
1636  1755
1317  1604
68  749
1167  64
498  682
507  1255
1668  543
1343  774
575  1971
1658  1941
119  254
1670  973
58  635
957  252
1732  20
375  1606
844  1850
238  897
1287  1598
1401  1666
722  376
1068  738
718  1942
820  1805
13  1684
367  361
228  1923
404  211
526  1764
682  626
1786  900
702  425
1342  1118
460  1688
391  936
1089  1015
1399  1030
1537  1705
257  291
1997  1409
1503  1899
1093  39
1020  101
1799  865
595  155
132  1751
786  1190
1385  1624
158  1248
1140  1460
791  995
1166  1451
1154  1213
449  1381
757  1984
713  713
1209  830
1647  17
1810  1663
1168  468
475  1810
197  242
830  836
797  833
719  1458
892  1263
1344  1433
173  341
871  538
786  393
309  500
32  1044
1326  345
659  774
376  1908
789  1733
1444  1157
1871  253
1839  1171
1737  1278
482  600
1167  1972
954  596
1015  1542
1381  1260
1881  1918
1581  1819
670  1801
1002  1693
726  295
1712  1460
1854  525
292  199
321  1925
1060  1176
1492  376
187  1969
1107  978
1158  369
1940  1168
594  1091
157  850
88  764
920  1520
1827  799
1886  956
17  1370
778  1759
1602  751
1450  859
561  276
813  737
655  803
1706  688
938  159
892  111
554  1203
1986  1714
1412  1889
240  508
1019  1782
169  1120
724  1407
755  482
975  668
1260  576
1649  1944
94  360
1802  1067
1654  393
310  411
1432  295
755  876
114  1797
74  1428
1230  260
666  1152
1074  699
278  1161
1280  821
1740  92
1416  506
911  1517
1  490
1342  448
1925  798
336  559
1880  1365
1198  1381
670  1701
1199  1070
1165  231
464  1780
303  1260
1119  109
1275  1127
388  1220
132  720
1700  1994
271  1982
1877  346
572  765
19  1791
793  1012
603  738
1721  1548
1808  1309
521  281
1635  1292
861  1022
122  1511
1830  1916
1768  1631
1592  1313
1971  127
393  154
1795  380
569  367
854  776
1977  453
848  1015
70  1104
1483  845
1753  865
553  213
1740  934
886  410
1553  427
1634  1447
1171  1682
1060  1342
771  480
970  1809
1944  442
1531  641
426  758
1804  316
1373  1256
540  1050
1680  326
1519  1626
394  1455
88  76
1950  1290
742  242
1622  1220
1498  1635
582  158
585  910
1205  1341
750  1567
1680  1973
1793  1300
1181  1491
240  262
766  925
1671  401
1684  764
1744  1031
1217  576
1843  1998
167  1944
1955  1281
1429  250
1722  566
1258  1702
107  105
1954  931
201  698
1851  1563
424  195
443  511
1155  1151
88  235
835  1403
1727  1392
1294  767
1666  2
850  129
677  934
88  1053
1592  745
1861  1585
1462  1787
526  1472
1980  1725
890  1673
54  955
14  32
475  767
156  563
1492  1289
1365  1488
1010  1308
1862  72
608  1678
6  1705
1496  1941
1291  583
745  1801
1173  317
382  1943
1384  1571
1868  1450
1198  1036
1777  953
156  412
1482  837
331  1633
1786  1016
1900  1815
1118  772
675  177
1167  105
139  1918
881  1310
1252  1882
548  981
621  1275
551  1954
1932  1620
1678  1600
980  716
22  1371
1286  17
1938  280
1411  1723
1253  375
593  1368
1960  1101
764  1399
1264  1159
916  1828
404  948
47  559
1014  1686
776  213
1493  1092
1193  1102
1947  120
1752  547
59  1286
825  613
90  1786
362  1351
740  1128
1045  1293
1538  623
19  599
713  1999
970  1636
269  128
1855  1461
1464  1924
1179  1868
466  184
1032  119
423  1445
33  1691
1834  1051
1388  1340
1239  1192
165  1823
831  1893
647  1732
1242  1174
1776  533
1860  1296
1876  947
1441  1316
885  571
1894  683
413  1788
4  769
376  414
307  418
533  1832
1319  1193
1295  1039
1607  1708
1012  591
659  1380
389  1645
31  1555
538  1326
115  1424
1397  1413
1090  1094
1061  382
1946  942
960  1906
1181  111
1588  630
1599  1765
1672  1037
1511  1059
89  1134
423  1867
429  702
1952  990
1002  990
1893  316
380  191
1421  924
1232  968
456  1569
665  545
592  1195
286  1183
1985  1198
1011  711
501  265
1187  1676
1867  578
792  1581
1547  1483
94  854
360  571
1812  1608
794  1157
1475  726
873  1116
1831  659
515  1431
165  704
1068  600
1421  1308
1942  1402
93  519
1691  1889
1889  1935
461  1633
746  15
445  1907
449  451
725  1570
789  660
155  1015
134  427
1621  335
1955  1733
744  1246
109  943
659  772
186  1539
1300  1424
1382  498
127  1472
1505  1024
1080  508
1535  1685
1644  1503
486  356
1045  981
1448  575
1914  930
245  1142
543  1085
472  1006
1020  1661
1881  610
193  1469
482  843
337  624
882  1560
674  1682
700  899
1027  122
1896  470
1118  259
1941  1942
971  1090
1471  583
1228  1864
552  647
1150  867
1906  848
1764  1724
1475  715
1362  39
1864  998
1319  1968
1003  1352
1381  1848
3  1476
1809  1777
966  425
1205  1585
1864  1854
824  936
1144  1410
1447  418
1493  1942
1802  1660
880  1608
1231  1088
28  548
992  258
781  1153
1054  660
1364  1746
115  1750
358  1168
1168  305
1395  1086
1073  723
368  1562
1500  505
136  744
34  1041
838  682
442  103
1827  106
1030  1304
343  878
1730  672
1209  119
521  936
1249  1326
452  170
1196  1250
515  813
821  1092
1501  1807
66  1645
1004  151
1860  1261
1594  1325
657  250
2000  502
271  1932
1323  815
1604  773
950  1047
832  60
1813  1097
1063  806
1016  765
549  1615
816  1556
1230  699
1916  1255
410  302
1445  608
1546  1937
43  1547
1711  290
582  533
1150  1409
1260  1144
437  1575
412  1800
71  959
792  883
278  928
365  201
184  566
152  1308
1960  866
1710  1218
1817  1002
1376  1878
1245  160
230  1027
963  1387
894  1340
878  497
1958  1054
599  1275
1909  1710
209  1088
414  1521
126  1551
292  1473
643  1733
1287  1274
188  1606
1836  1027
1094  1091
914  892
1161  306
1646  848
411  1224
1572  964
1748  337
1757  602
377  1544
531  1554
1537  926
690  1357
21  554
826  1084
1058  774
1110  1438
1942  1882
273  1299
740  1746
1748  1624
1121  188
303  1866
1467  1495
978  1795
167  982
1173  121
1327  1098
333  1294
699  1725
401  1439
1290  1848
85  1944
1686  954
1688  398
725  247
1562  1255
1886  716
986  1543
1779  1215
71  34
1432  765
365  967
24  1220
1390  1420
1520  1335
367  1743
1184  1646
1350  1385
314  1958
175  1159
1824  1428
1715  223
1918  946
242  1786
1429  1376
280  1826
1702  1732
439  673
392  1087
251  841
307  542
1349  283
786  1374
1892  709
1676  1476
272  1895
643  938
186  1294
1535  307
1115  1873
1110  1688
163  669
544  886
1788  286
1972  1073
1081  16
