1000
1082  1460
432  689
1714  92
1912  1920
79  1201
1629  1303
44  1003
763  811
1456  1163
980  858
569  1938
811  887
889  1156
783  1280
1257  1055
1031  986
1174  1566
1253  1498
1293  1244
1681  1693
609  1067
1756  676
1300  353
1411  1406
166  1517
1507  1088
874  1280
1650  986
171  79
1521  1350
1366  1218
776  1501
337  694
650  19
246  1811
85  515
794  1822
1920  915
1239  1103
612  15
608  1679
852  238
1324  629
826  821
465  1573
196  271
496  1386
140  1256
1886  1938
1424  1664
726  1141
940  415
1421  1796
831  152
1769  863
237  1601
886  128
1455  1629
1647  1649
1899  1683
581  549
1383  1010
194  192
1738  111
1950  1915
1285  963
1484  1170
854  981
1170  411
694  1978
1078  1463
959  1892
1248  517
1107  1715
1813  166
1602  97
1  779
980  1206
1723  505
527  235
78  1108
31  346
257  1648
762  1953
1510  1247
1041  1180
1111  955
90  970
1233  109
1843  1804
360  834
1501  1569
1114  917
1045  496
394  772
346  335
960  256
1205  1425
345  1102
1424  235
1194  254
482  613
1384  1770
495  961
846  989
278  1871
202  1718
706  752
11  1847
509  382
1627  140
79  594
151  670
392  153
1940  342
642  1786
1279  1066
631  857
350  1403
1098  37
1323  749
341  152
1127  1850
1237  1210
785  601
1256  642
881  1883
119  1991
1025  540
1649  667
1200  303
109  1507
1574  1607
1244  1599
762  1496
382  562
754  1788
228  623
279  1580
950  883
1743  1510
11  228
1846  1008
1812  425
1365  1977
1145  1954
398  971
1436  1521
816  1401
1479  1585
995  632
490  144
957  804
159  1124
220  1502
566  465
1050  499
1998  870
1912  892
1471  337
151  1153
1741  587
1142  571
954  1676
577  271
388  1299
466  1895
355  1905
1068  926
1520  622
1518  779
871  1085
300  1251
1848  854
1042  627
905  1462
1071  854
387  43
166  576
1135  352
1911  1742
469  1196
1614  1406
796  1774
802  1527
1149  818
580  1254
1479  1736
1540  503
1567  745
343  664
321  598
580  1672
111  1746
515  1791
237  818
726  1674
1371  1720
927  681
537  105
1782  1612
862  1466
7  409
99  1689
704  1081
27  701
1432  464
1544  283
489  245
1990  486
1596  1313
552  1595
1458  1378
26  832
675  915
1172  1658
1661  1170
1913  1990
1957  227
221  1700
1555  358
427  1348
320  1570
917  1911
897  1830
584  748
421  1642
1589  739
1785  843
701  1804
731  1053
1594  852
583  1592
1729  1427
1630  1309
1863  700
1354  1383
251  1544
712  1701
831  1861
1397  311
288  977
749  1887
156  1629
1643  101
1726  600
1872  1355
414  1124
1215  1488
1282  712
439  1628
1287  1501
619  1155
1229  1201
1286  1373
75  1515
7  1751
1750  798
1359  685
968  1569
626  829
277  739
184  406
1977  1146
1166  280
1689  148
1527  295
695  272
1187  251
1218  850
1136  433
1155  791
327  810
1935  33
1517  1687
819  1198
1453  1691
1387  480
352  861
427  285
988  1949
1756  202
964  1236
912  1601
734  151
135  250
1108  1272
1708  1172
781  709
489  1107
1724  810
380  1101
535  1238
1580  337
811  1928
1783  64
613  1163
1323  337
1212  1742
788  282
613  706
605  239
1830  1909
1306  270
820  163
1665  581
1904  404
86  842
28  1051
387  272
669  730
280  1061
636  1252
17  1363
1589  761
1489  286
1521  1738
105  1514
597  345
1359  239
785  1449
1415  1523
1085  795
29  593
562  333
1948  73
517  768
1558  881
30  1638
1297  658
777  102
1278  1545
1191  359
718  1671
413  304
195  1357
797  1893
471  1742
1995  1063
1814  658
1674  1973
248  1798
1749  1099
104  1651
117  1443
327  176
692  242
636  271
280  1212
53  922
117  1986
1462  127
286  863
1802  29
1416  165
400  518
1340  550
739  653
1849  541
1639  631
875  1017
1334  1317
1739  1971
718  1142
641  1292
1960  1068
902  1677
370  404
1759  1663
1707  1798
276  1824
1347  550
558  1202
724  1299
823  1843
386  1826
1248  1735
1093  1188
1982  341
1734  1997
176  1028
135  1595
362  640
559  239
1775  1825
1526  1634
16  917
866  591
1390  703
1406  743
1747  1167
1682  1643
1192  1888
1469  871
367  1444
283  750
1258  1293
1536  263
940  1660
474  1346
1660  1696
273  1850
1651  436
1394  1333
1541  1316
266  1958
1877  1621
1959  132
1475  1145
1243  890
792  449
54  1542
570  54
406  224
1367  1615
534  495
1728  1425
210  1338
869  174
1367  1648
1727  958
696  660
1793  474
749  701
728  53
628  223
36  698
695  728
1342  1889
464  648
1523  968
910  883
742  615
608  881
1931  604
870  307
1548  1584
1142  425
1839  1575
534  1586
1049  488
25  11
968  683
1364  284
1485  531
1930  882
1708  1250
465  268
1152  1640
2  1217
1132  455
471  1131
456  1699
1648  1787
1062  505
594  1796
571  703
1723  1836
907  519
234  831
1923  140
706  1408
1380  494
1574  1120
558  1878
405  642
341  421
882  779
211  1317
1111  812
1706  1193
1979  969
2  711
966  1936
1342  874
1061  882
1355  1108
1349  1492
1232  286
94  1767
1244  793
1474  421
1179  844
151  1224
1431  656
1536  916
1929  1041
265  1228
644  623
939  1599
739  123
214  204
66  1982
1371  1748
1414  431
596  1618
12  890
814  1472
1249  254
1288  115
128  1732
191  1123
856  526
994  1759
344  1461
994  1468
1784  1061
1734  865
1518  1693
1898  737
119  1231
1244  451
1729  437
11  623
1709  448
548  520
1660  809
716  1844
1724  166
1882  1417
1905  1171
930  1045
1785  148
1338  1922
792  1934
1887  434
1470  1647
1318  119
96  1144
1767  1506
1443  248
1219  746
33  716
1237  495
439  78
505  920
1591  532
435  647
761  1896
1913  1037
924  1547
1485  1433
1426  867
1443  291
1691  111
1150  1632
677  1146
900  1087
1186  1285
1010  929
144  128
1766  317
75  955
127  1210
217  1919
1289  491
1071  1430
755  477
822  372
1605  1379
207  1646
1361  279
1278  382
784  1281
863  597
1869  1664
1516  146
763  1977
242  1769
1336  253
672  164
1863  1428
1566  1096
463  597
129  1984
1622  1723
1489  1962
209  610
1535  520
1700  1653
570  155
1152  1284
362  1293
1423  1074
1825  294
556  946
720  1994
784  211
1266  1865
1896  1118
718  1566
1845  613
1122  1265
1082  1515
151  234
247  429
1459  1356
1939  1622
762  1118
358  1453
867  1143
902  258
183  1072
690  1932
1911  1475
1815  565
1958  1097
1159  910
879  336
654  321
1424  1432
607  1974
153  1171
945  1054
1083  1871
1312  838
495  1332
1805  1237
339  1945
154  1102
1207  64
919  1967
746  1597
1970  1589
1627  421
225  1824
636  241
1025  1319
1010  1460
1302  890
841  237
1253  626
1323  1332
547  303
1821  273
443  657
1589  1
1680  202
1521  1240
130  324
1324  1241
637  1635
788  859
472  1795
87  1484
88  439
812  262
62  1693
780  1382
1146  220
852  503
739  578
102  60
739  549
1680  997
507  1590
537  277
644  465
1396  871
1774  1848
151  440
622  1315
1967  1085
129  1950
1173  85
647  738
1679  560
47  141
224  1561
867  1862
1884  1907
62  727
402  792
235  1837
1851  360
1957  1020
1074  283
1391  1046
432  551
1336  47
17  1297
284  1310
466  1181
97  1307
324  1667
68  1070
1757  1016
992  1587
364  942
1707  94
779  246
1709  1548
1581  1823
1908  1049
102  430
39  1896
130  386
730  738
593  1923
378  968
673  424
926  967
1175  1082
1195  1235
1405  942
1343  736
1626  742
1511  21
1948  1253
1051  1642
981  569
718  1884
1020  1621
1126  1724
887  1717
1268  1307
715  1161
444  712
130  1456
954  110
1752  1493
1509  205
955  1887
1313  1363
1704  1894
1988  921
1414  1218
191  1723
1353  780
1292  896
1450  1049
1883  585
902  1788
1748  1767
1146  1819
839  1503
834  934
1997  996
1306  281
319  1446
55  1158
1641  1557
1821  1920
1716  1628
555  558
766  1126
877  1388
1211  45
744  1287
1506  714
211  1642
1841  929
89  1561
295  1222
1771  319
1210  442
1102  1371
1480  1673
819  1194
291  1442
134  1975
196  1865
308  273
969  1883
936  1915
1280  1416
329  400
1097  1231
970  452
851  1085
808  1694
1156  724
96  1023
817  1456
652  919
613  107
547  1599
1826  712
70  1062
623  1999
1921  1260
1041  1577
1256  1583
1153  197
298  1503
1870  265
1183  977
959  508
897  18
569  1588
163  1100
1270  1557
1316  439
632  1449
605  118
151  325
888  511
647  1535
1951  835
190  363
1363  624
1905  1229
1608  1972
1102  1024
654  1610
607  119
1111  525
503  1044
1960  430
512  680
780  152
995  1921
1191  874
1355  497
714  723
1091  35
599  1678
1341  446
815  1996
1645  1182
606  1049
632  1764
1894  1629
1396  1683
1210  978
724  30
1397  124
528  1528
1174  1843
274  1921
1337  840
936  1257
560  1463
1112  341
417  1677
1005  738
1127  13
1607  546
1409  939
1982  1024
914  1040
362  1001
620  1236
1054  1134
46  498
1973  174
600  1372
365  1056
221  1371
181  122
1718  407
842  1886
104  1489
403  744
553  231
1889  1859
1619  1401
507  765
1112  813
348  977
554  104
728  948
195  496
553  738
1931  992
1295  765
812  1644
974  1497
619  1141
1809  1985
327  1222
1769  1645
585  1240
1138  123
312  284
892  222
102  928
1283  193
1658  251
211  955
270  604
1786  1014
744  1820
921  1840
579  792
1957  1959
1985  1349
655  1097
73  1603
1876  1556
1012  413
1319  1926
617  852
484  976
378  1594
1431  1965
1150  1590
1716  35
1039  1918
1209  1274
754  611
941  1158
1357  1429
696  1449
356  1048
1765  1656
1380  1442
1563  1570
1833  591
1628  1089
817  555
1279  1737
1133  181
318  645
726  961
1304  191
1621  40
434  127
1234  300
1511  148
1031  70
351  278
1195  170
1986  366
1606  872
1403  1656
1325  1244
1924  999
514  798
1707  1853
551  489
842  762
1726  1045
742  1361
42  1279
775  439
582  1555
1660  283
67  1557
1561  1293
1001  1975
968  1323
1798  290
101  1737
1929  592
585  630
1327  200
15  1580
83  1309
1835  951
61  1030
1986  41
636  988
1289  1260
1077  1532
1637  1724
877  1541
540  869
265  1568
1690  1812
27  656
1945  1024
1659  1303
29  1861
1259  1855
1988  315
140  936
1171  264
1116  1127
473  988
1746  13
1898  1414
574  1918
1305  634
1630  199
83  286
1299  1206
115  1343
1991  1806
579  961
1415  425
927  597
633  194
395  651
113  423
9  556
796  962
1698  830
1945  540
1209  886
1944  1647
1703  1472
152  1257
44  1154
1393  91
1076  1202
1482  1235
1451  1581
1065  629
1494  1859
