1000
1382  1109
578  1405
1987  36
627  336
382  853
36  1125
1050  1485
1612  64
1183  744
1907  1224
434  1070
1760  726
218  1599
162  172
1059  1511
630  1136
1189  1348
1274  1549
1295  1710
1283  408
256  1205
1603  644
699  1273
1953  1347
1820  1542
1890  789
313  39
1161  745
1958  1559
65  271
1806  276
788  821
1108  1818
1912  909
736  1308
989  477
10  393
1844  944
257  612
30  864
1893  1867
387  707
1507  1410
697  893
585  992
1303  998
450  956
1537  1922
953  905
454  501
549  978
1608  1441
532  848
318  1854
341  125
1483  266
1598  411
1588  264
449  1327
1813  372
1844  1013
1168  427
1397  111
935  1623
1678  1395
259  1556
548  1621
240  946
1948  497
791  47
849  276
1535  1890
1337  1467
1143  363
1762  160
1353  816
326  1126
304  1124
1892  1926
1550  270
1778  501
95  1752
1663  1608
1344  259
416  1882
1942  577
1299  1433
213  412
1807  142
1859  741
917  1592
1877  1709
1865  844
1950  423
401  1280
528  1869
341  1519
1629  1540
1892  940
1087  1917
119  1309
1901  1401
1960  293
20  1362
1684  1506
1839  1724
1982  743
956  1326
752  1910
264  1401
1577  484
1176  1482
1636  418
94  1401
149  890
1633  1218
1456  1596
1383  402
424  1104
237  775
1182  546
1975  879
1469  598
1728  1214
1303  1423
913  925
1990  1313
1850  1018
473  1235
517  1622
237  635
837  1537
1141  1506
992  1344
1340  398
1221  607
1742  1466
567  1289
1184  622
1579  170
1803  98
141  1686
221  1296
534  366
1319  1566
1105  404
1406  1348
54  1344
1670  1673
986  1011
1894  942
1187  400
1449  940
1228  1494
617  146
1351  1006
243  852
8  602
1059  1572
1126  1444
1797  978
1536  190
1745  949
873  1542
657  335
1378  1313
389  795
388  1845
129  352
1062  134
1482  1874
342  693
640  1887
377  1535
1761  1632
1647  130
844  1343
1053  936
1718  1880
616  854
315  1720
849  1014
817  217
169  1734
1330  1569
18  1912
1618  1539
623  1518
1954  1438
480  1522
502  1951
1675  1658
1764  240
1174  1244
994  994
476  447
1170  323
1669  1774
1052  44
464  1495
573  1462
1077  1459
1305  714
998  1278
1168  1808
1611  1472
1583  1275
1064  409
1178  1318
646  1092
1344  1520
935  961
644  745
411  1050
15  380
1044  174
785  1187
1743  1721
1303  1893
488  1755
1824  1441
1654  508
1446  436
1181  1007
1159  711
250  379
1306  357
711  1534
1620  852
1034  1598
808  924
1065  1623
1970  1255
714  554
1360  528
1843  1430
719  252
107  1917
773  910
403  1611
1275  1716
1953  250
1735  614
1949  1379
251  682
364  430
1310  1870
98  1690
1880  1823
1996  566
745  1807
315  231
1449  1313
89  136
325  340
1729  221
1677  1000
1080  1205
1732  842
849  1937
739  2000
324  942
1392  1469
330  521
36  724
372  807
790  1848
1867  1351
1746  562
1300  1750
800  324
1701  194
1243  1439
1975  1720
1853  490
871  1104
1134  463
17  541
550  1261
2  1489
663  121
889  1031
1739  1626
1837  1063
1339  176
1072  1465
1810  447
1301  984
197  619
1540  1682
1513  361
1498  1175
863  349
513  210
1755  836
1588  381
1139  1618
1631  1471
166  751
592  836
1510  524
1113  100
1159  64
890  241
1990  1495
698  422
116  84
187  559
1424  1177
1652  412
264  1649
1729  1387
1462  1430
789  905
936  592
322  1640
70  1750
1287  75
787  1922
555  1720
1674  633
898  994
1158  535
373  208
812  97
1472  913
1594  971
97  77
532  1438
1466  5
327  282
37  1921
743  104
570  742
1032  1078
1328  587
28  1368
1557  95
357  148
604  1286
26  744
604  307
700  981
1685  1299
1990  1682
266  1660
1003  432
1022  1502
1922  750
935  1841
896  1408
712  1024
1467  1820
893  1132
723  1918
1727  501
1430  1360
1369  1947
1508  1261
483  1120
640  1855
980  1602
1311  208
1776  418
884  1227
1348  603
794  1697
1307  1080
418  1609
1092  1920
1292  1820
806  34
1169  1177
417  1745
1312  447
1714  153
1188  154
1685  1724
1548  1001
927  64
69  994
1750  1777
1969  216
1878  1499
1005  692
775  905
1116  1026
253  1974
103  1710
1435  1833
1934  1012
1113  1871
1883  1023
1209  1788
349  1947
870  1358
96  429
1788  318
890  1438
802  190
224  1783
84  878
745  453
1001  1071
1761  1534
126  1302
1265  1319
218  1770
593  1444
746  627
1399  733
167  334
754  1368
1933  1619
1542  1178
1468  255
1812  785
1084  519
1438  1133
1244  1707
1326  1245
1627  167
796  318
1354  1743
1667  1198
35  1699
1546  217
338  154
719  613
800  366
1801  1775
1766  1468
1368  251
1868  1569
1768  1436
384  1549
448  1896
1695  649
1863  1154
260  546
1690  1001
296  888
145  704
352  250
375  1257
554  25
598  1375
1873  1288
788  413
1291  214
635  961
1690  1471
875  1821
569  433
513  1688
1630  711
615  359
1377  1627
1415  1143
596  835
1105  1816
1482  115
213  1251
772  1818
1427  498
1993  1496
1251  1616
1715  224
858  887
85  619
758  1452
622  1017
1517  1385
1343  1873
1914  637
485  1619
1315  352
178  1865
428  215
1678  164
1554  1627
1960  273
1520  134
1852  1909
1244  1101
593  268
919  907
1685  592
1671  801
1373  207
621  1575
52  676
387  1918
1308  1131
329  1613
697  1737
986  1093
1948  1683
977  984
896  636
1228  1723
952  1337
548  1200
927  58
1117  1908
1342  1884
1498  250
1579  1786
1730  1673
1549  869
579  1285
1320  316
1251  658
1931  35
1126  66
1173  992
971  1263
485  1030
1339  325
794  1517
785  950
1701  1062
1763  479
49  683
1563  595
847  839
1879  1003
1055  1943
510  1415
277  652
806  147
1760  1239
1477  1046
1934  1444
1399  1475
525  1358
1485  995
120  736
68  13
419  227
832  1815
977  667
839  748
1918  827
554  235
416  1260
1498  1954
1776  426
1796  1522
664  101
1546  1614
12  83
1331  1899
641  1058
1576  1414
1201  1484
1694  997
1482  1602
1703  1397
967  446
1059  647
1249  758
1597  1995
997  1597
1800  1759
1307  1111
1452  234
965  599
420  1722
234  1412
1461  723
367  409
1913  1291
1973  1351
1111  920
930  129
1183  1149
243  1869
1890  391
78  1404
1454  910
68  127
1319  1496
655  159
1616  1365
247  1111
1538  211
604  1467
1719  1989
1282  100
850  1989
527  382
1746  67
1791  1739
827  173
1666  650
210  1718
1008  830
1975  479
1706  1649
1515  180
501  962
744  1455
1693  792
1373  1926
1348  113
1779  482
974  1601
1343  634
1364  1951
875  1807
1629  1112
470  1841
1974  1310
813  1897
372  129
1888  824
114  1695
1899  989
930  701
188  925
801  613
846  1984
1266  1582
440  1430
325  158
1484  354
1505  912
469  43
81  925
372  1742
320  704
648  1920
1712  425
1689  1774
3  528
1937  1964
1751  16
229  1019
929  1148
367  1805
419  1367
1204  167
1239  13
440  1699
365  305
1584  1031
29  1537
1782  1883
1760  536
9  1146
1475  472
1485  931
399  1543
1787  1026
653  1193
274  1528
1589  1101
761  1404
1187  61
1367  1407
1811  888
1082  1601
1351  1887
1493  1998
1203  592
197  1912
1268  1732
1149  1096
718  43
56  830
1269  692
853  733
1558  7
1058  164
1639  181
292  1616
4  1391
687  746
345  1496
1274  1371
496  808
1117  825
932  1580
140  583
833  443
1661  554
1031  640
566  1922
1384  1358
1565  724
495  1329
1126  1042
1717  1110
881  536
1386  582
662  1086
792  1553
493  731
815  1992
619  1098
1045  1599
33  276
1175  601
1894  1364
85  534
1264  1697
570  1596
956  1575
627  1248
387  961
569  995
559  1395
905  1569
1653  149
865  471
1747  1597
1136  1715
2000  1259
953  631
1349  228
414  805
839  1741
1524  555
1852  1581
1595  1758
799  1528
1224  1401
827  825
200  1961
1314  1851
171  401
42  1315
1199  1532
266  370
195  1149
973  1763
1461  1886
680  481
1172  1699
439  691
1600  1758
1779  1908
1389  1459
1682  1774
1009  896
5  497
1891  1111
229  1348
1979  1143
1517  991
1153  919
281  1379
535  397
549  409
1666  929
606  1516
499  135
944  109
216  250
1463  1884
1404  891
1432  1542
1317  1564
573  316
711  1540
579  145
677  222
375  1713
725  1381
333  441
434  427
516  1749
689  462
1813  1996
1369  970
640  245
1888  1062
845  500
1028  1833
608  1825
1217  8
1506  1786
552  1758
660  1997
245  948
1855  1733
1242  1723
1661  859
1954  1567
463  1368
1967  672
1196  1363
1092  201
1125  1817
8  1360
1230  369
1693  350
628  1273
345  1462
416  1757
852  663
1386  758
1705  588
1801  487
1916  488
719  1325
869  402
1132  1073
1152  1452
1348  946
122  778
1688  1385
293  1314
303  321
30  734
380  1261
33  1627
96  1166
134  1234
1030  419
899  642
988  1265
805  786
1268  221
1888  827
949  783
1875  560
1981  757
100  1289
1309  229
456  540
355  1246
1038  336
1936  280
1289  1152
1004  48
1181  1723
1784  932
137  1107
1303  1155
485  665
1195  1765
955  225
342  1247
36  1331
1689  650
1230  310
1219  1857
868  745
1013  347
275  342
402  1503
569  1836
573  968
89  558
78  1519
1491  1793
1387  1526
1406  755
1589  1167
1463  348
456  62
1150  976
429  226
61  380
462  1476
1694  1378
1764  526
1904  1376
1146  1474
1886  740
175  426
15  195
843  552
1222  1787
1738  1388
142  383
1763  1016
338  342
839  230
1435  1432
915  166
1196  837
407  863
1137  1577
1657  1569
1203  1267
180  1544
337  1395
1623  969
1257  1964
485  931
1931  294
330  950
230  1275
1982  589
727  1401
645  1252
1355  1883
651  837
1079  1174
510  1380
1028  773
1029  134
1297  1461
1058  961
715  1501
1631  1495
847  921
1298  81
236  1310
1955  1926
273  566
395  1279
1826  1088
916  319
427  1287
1231  1201
1516  1999
938  1932
51  1028
1322  1398
1068  1213
746  238
517  1642
1056  831
1191  1596
386  156
673  1739
711  743
1181  263
497  249
471  210
344  1389
1405  1095
1767  1752
458  1389
1177  249
419  1927
1499  270
90  708
310  983
911  233
938  925
656  1528
1508  674
410  455
1101  433
1889  955
1852  580
729  72
1031  1408
1301  414
1123  191
1472  658
1632  509
1860  1564
1967  205
1685  1515
959  1239
681  1543
1248  1705
850  856
1903  628
1647  670
1596  606
860  980
1933  1365
1352  1919
1823  401
745  1876
1394  419
486  1782
1795  1840
259  906
566  1596
1486  1830
530  207
1739  243
587  464
1208  1290
405  1396
1301  1138
1358  48
1364  785
537  1238
85  350
1  1208
330  701
893  0
1478  1910
998  1568
1581  1033
291  1867
552  1239
716  1544
254  522
1630  1634
257  1211
