10000
387  545
1621  1242
1322  636
404  624
158  1607
346  382
783  293
545  216
1531  590
304  94
1639  1672
392  1380
85  1914
148  1067
404  1652
1850  1418
530  826
1084  549
1412  694
915  610
1788  384
1946  160
1214  1544
946  1423
1737  237
658  134
1125  1503
1851  1404
1039  953
76  155
1440  1368
984  1105
166  1374
1565  32
1743  613
1948  1379
603  941
1608  418
986  302
656  785
254  1443
1022  1448
1386  888
88  825
1789  686
1267  287
561  22
833  435
1022  1040
239  505
864  1978
660  780
1488  62
1137  1175
952  958
1354  1658
1685  1267
1140  382
537  1640
997  1454
1777  1074
203  1716
1485  1819
902  1472
563  1251
1993  1081
685  1732
1611  56
713  1551
1343  980
1923  640
1168  953
1123  883
1787  1087
605  1407
377  210
1872  2
218  1614
1089  268
1213  1551
645  1040
198  1734
1133  1895
1235  1929
587  789
1951  616
1139  1434
89  1510
783  895
616  837
1124  358
1959  1179
423  870
937  405
421  1456
826  1450
526  1969
865  894
979  1180
1404  1933
450  1704
330  1921
1249  319
526  56
1286  282
1736  1709
1393  1450
204  1176
525  1767
119  585
637  1159
799  272
1361  1325
1229  473
636  303
1448  81
826  759
403  342
1337  1929
580  1056
1408  1982
1888  289
1181  831
1450  161
590  1680
677  1806
1473  687
1643  517
465  810
926  1040
1362  847
846  171
1903  374
68  805
1871  343
1102  668
276  1113
1643  1230
1582  577
980  1804
952  577
1963  1918
578  667
188  1374
29  71
1016  857
733  782
722  609
1737  1659
1769  515
1658  1117
1823  673
384  37
282  1595
241  260
1096  233
756  1183
1975  1342
1980  1959
1479  695
1395  623
516  1354
1374  801
1577  384
504  1282
1788  1672
1018  990
285  1984
931  471
988  1041
286  1898
1415  84
1845  818
300  210
124  1013
1390  1119
1347  724
132  352
702  506
1428  833
1963  1237
625  1722
1906  792
48  69
1152  707
1168  973
1563  1430
1325  585
623  649
1132  1936
750  167
1974  451
1316  1984
1746  916
1594  910
567  1671
1627  670
1002  890
1769  1511
1104  419
579  345
1034  589
1320  1978
561  880
1049  771
1964  1580
1324  1862
915  953
217  1079
1208  278
1876  973
1967  1168
183  1749
1463  850
65  1388
1560  344
1703  1594
1214  916
561  1178
803  855
46  101
832  1647
1045  615
557  1748
218  151
520  1590
311  33
1979  1116
461  328
1073  49
1230  494
1430  444
1296  659
1516  1346
1380  421
1880  487
73  1309
1934  1691
1151  1056
749  1277
1410  1274
449  774
645  1931
375  1249
1477  1534
1820  1303
1653  661
1144  1970
1533  484
1840  474
682  721
1813  38
1166  1428
577  956
268  121
1970  1964
1187  957
359  1744
1806  1056
1254  1949
724  1497
1455  1876
1890  637
1602  303
1617  1041
2  109
37  457
378  625
769  885
1387  1103
1709  520
127  725
742  1021
1176  1415
352  1001
1144  1429
272  1931
590  321
69  1002
1047  1119
1044  1935
1359  1627
663  1661
824  138
830  413
51  1920
1671  32
1057  923
249  334
1959  897
1691  864
475  1661
1584  1821
537  301
506  19
1343  1471
366  1956
1172  533
1960  898
1163  218
167  993
313  433
224  1127
772  1590
71  1542
1503  54
34  1899
1543  1790
1947  954
1209  721
32  589
1945  227
1690  1578
1957  1283
878  479
1943  0
1737  374
1259  1677
1894  610
1789  1837
889  630
1730  1426
1093  606
174  319
1804  1910
1020  1784
240  1775
759  63
466  1305
269  1381
645  1767
1361  242
1933  1360
1015  934
1898  1534
1448  927
383  494
490  363
1207  22
1096  1065
198  63
478  12
406  1573
1479  393
439  1882
384  1995
325  133
1141  1027
1247  906
1495  325
12  139
1245  1847
1570  882
520  1592
206  1053
1323  335
1226  1485
1676  1257
318  693
1256  1950
146  1374
295  623
64  154
224  1597
299  1660
1341  291
1795  781
1970  502
171  820
1026  1002
537  1885
1183  1426
563  1371
902  1358
508  760
1981  1712
658  1285
1933  1324
1708  1629
1493  324
928  965
812  882
784  573
536  1144
1182  413
426  58
1666  614
408  712
490  1333
271  960
366  1536
150  534
1269  1039
295  1464
1360  1639
298  526
1820  1539
1767  779
1034  975
1282  1230
91  540
1537  322
525  75
761  1561
1820  1856
1373  1578
1724  949
1028  1878
495  577
1283  915
1232  632
766  1608
796  1450
608  1515
1347  644
1887  1507
1849  1979
1383  1845
1367  1856
459  863
1686  828
1782  1624
1159  702
511  706
160  245
1448  154
1643  687
681  1061
1218  1772
546  992
1578  1041
1156  1373
1281  512
1143  914
727  903
1424  585
432  1427
288  1452
1172  292
1384  1938
1845  438
951  1962
206  571
242  1123
686  869
442  336
359  974
1514  484
592  207
1737  1250
159  915
333  1963
678  970
1391  1699
740  1946
1438  121
413  1654
74  121
1529  1224
43  722
1673  941
1274  551
664  937
1082  977
1604  1248
1992  426
1197  1477
1762  492
1286  1169
215  1522
1933  968
1176  1281
84  734
1504  1100
1146  415
966  1335
1035  1665
702  1191
1850  1911
1778  409
802  1384
1691  1634
170  1197
79  1919
1325  1188
288  1595
1790  1716
1216  1119
1912  341
1067  12
965  1958
1445  723
1839  170
587  1416
539  161
560  617
1743  1769
1345  1667
14  924
1385  1172
1281  538
246  1123
1293  1410
707  611
141  1634
40  1202
329  1677
1051  1576
1232  1655
246  999
215  442
1487  1565
1806  842
1911  1194
1448  1281
1003  225
1304  1749
165  1656
1216  1958
1037  913
153  1006
1564  1429
1713  1676
1210  869
1241  775
116  1488
1159  1870
183  285
1367  1226
442  1048
662  747
195  1367
1518  1880
226  605
929  993
1687  1719
1952  1426
263  235
318  111
1946  1212
1796  1603
1321  1754
1521  1154
1432  1315
888  944
769  1087
736  540
207  1621
1772  1321
1273  1976
1054  342
1981  229
421  448
1899  1831
1637  1958
538  1170
169  1553
1771  2000
1047  895
866  1835
1448  1059
171  1499
469  804
1271  1542
1619  1943
158  1927
849  940
1820  1475
502  789
1210  1013
399  1529
731  337
551  1482
218  445
1225  1284
1008  99
1325  142
550  7
855  1455
1887  843
856  414
1284  1618
1593  742
685  823
1205  42
427  1097
1676  1038
742  1355
1563  656
66  603
1009  697
68  1149
1331  526
982  228
612  1952
225  761
802  799
1526  893
826  248
435  1393
345  718
874  1563
924  1899
1342  221
215  79
1269  1170
1366  1802
528  785
1847  998
436  1909
1154  950
1507  304
546  1949
1277  748
1181  1088
799  1436
1748  753
1140  1840
775  1432
471  1632
1832  1058
225  1919
847  1187
1059  937
1987  1472
995  1649
880  1532
1723  800
810  252
481  1768
609  53
801  456
785  1690
1620  1348
1760  372
1907  1689
1967  1978
268  1005
1503  1925
1460  1434
665  82
292  1018
292  1978
264  625
701  469
864  1162
799  947
690  1440
1429  1865
879  1041
1048  706
1652  694
1932  1694
1442  719
812  543
1846  948
292  1374
83  902
1292  1639
1489  1734
1058  869
1233  1825
332  1359
706  229
1204  1644
55  543
640  1991
121  1568
1599  287
523  1448
1743  439
1680  1054
47  1377
1180  54
1182  1076
915  723
1513  820
1073  1351
897  1445
946  977
1941  1874
1717  187
292  1552
1535  1303
419  1935
1137  459
1535  307
1202  989
361  93
1465  1144
531  481
1928  924
784  527
1384  1214
1781  1730
107  921
1267  950
899  1779
1648  1170
1560  453
1136  1760
1499  1706
175  604
369  871
1502  515
171  296
455  854
1653  440
540  1104
155  1308
1136  1438
362  843
1574  286
1504  1831
1144  1180
135  1582
1077  1642
1561  1655
908  96
89  473
1613  594
1775  1617
700  702
1311  1275
649  246
421  227
1152  11
247  652
1819  1162
1368  1892
618  1650
173  1360
1167  603
894  387
665  152
1391  1674
950  783
140  472
207  444
966  1150
1897  95
9  781
1373  178
95  1120
1175  1426
695  1210
947  1255
1442  941
1247  1527
1297  874
1122  992
171  794
1732  61
878  592
1311  1558
89  1599
1267  1563
984  288
1602  904
1026  1587
1359  1603
125  1876
1091  890
1148  441
1128  482
1904  1002
424  1947
1039  447
1850  720
1575  1852
1632  1898
1984  761
778  1697
364  56
281  349
1335  16
311  1508
1384  205
733  327
175  1419
1526  479
1249  1225
1855  1639
1099  1578
1250  106
1336  1571
1991  1010
314  213
279  158
569  1920
499  406
1300  711
1280  1084
1722  1187
1357  356
809  403
1657  710
1513  491
630  928
240  1962
1043  1681
180  94
242  1305
587  1311
359  1914
966  1265
1389  751
1577  1962
1308  406
1225  480
1493  558
993  556
811  1351
1035  1924
1940  256
1791  817
1452  1827
1907  1111
1654  1857
1336  1131
901  139
121  743
1289  5
1069  1650
505  719
1988  1770
1245  171
625  1756
1040  1875
1875  820
639  500
761  623
1145  1661
1914  729
664  1055
958  1703
633  511
26  292
169  1974
220  290
1489  1082
626  165
969  1801
1714  1599
566  1773
115  1743
857  1554
1249  1662
399  469
1862  97
1747  759
1145  507
373  1612
298  1898
669  83
149  116
651  1874
562  889
479  690
274  1593
100  1417
890  1912
1633  1802
290  1250
1289  634
1283  1621
672  927
710  1471
489  1958
612  1464
1819  1101
90  1702
845  102
1216  894
1153  1130
1119  1693
1885  734
709  1172
1539  1130
1109  614
1424  1809
1756  1949
128  1768
1174  353
294  90
25  199
897  552
312  634
1239  1413
1306  663
1061  1913
802  1596
411  1430
786  717
1588  1941
1872  663
1684  1428
173  345
548  1556
415  531
1309  21
1845  563
1555  82
527  1672
1785  703
522  1974
1074  899
1282  1987
728  1344
507  201
105  1069
191  621
250  220
1499  1493
1591  190
527  569
877  1224
1708  1566
142  1242
60  361
775  492
19  1145
1900  1373
1386  1968
977  1171
448  1178
1157  974
697  478
453  1452
664  815
1156  981
153  593
377  1491
1594  883
1145  824
271  776
817  531
894  1950
1285  1744
390  73
1836  79
1644  734
1445  1504
1014  1809
36  292
1912  260
648  86
1008  1207
1953  437
909  1556
693  318
1508  1043
1165  225
97  447
1592  1846
1116  1474
1957  1190
1759  508
773  914
188  81
489  618
1351  1165
544  1116
1479  1516
889  1747
441  745
1869  306
1835  230
1401  1705
153  555
842  711
439  81
1065  866
1955  1719
1058  1481
383  1763
783  479
256  600
931  1697
616  1574
1405  328
1396  843
1946  1794
1958  1233
1191  479
1483  1994
1840  34
257  166
801  250
32  243
1516  773
654  1997
723  1216
648  905
373  550
1417  1308
996  900
1706  672
1928  484
1937  57
170  384
1800  1811
1767  1764
1723  1747
706  355
1464  1572
1789  528
1982  1980
961  1802
794  886
634  332
1742  1929
140  856
1734  922
674  1149
1436  1681
1728  75
1059  1674
1560  1861
173  387
962  1330
649  504
836  1252
1778  844
1539  590
1441  306
85  1516
1284  1782
768  1215
954  689
72  1558
564  39
112  1680
87  217
1800  489
692  1630
1506  1979
1416  1047
679  450
272  591
842  1637
1800  616
1582  483
1963  158
499  594
1181  1095
283  1745
395  1204
396  24
1518  1061
1752  1643
1846  527
848  517
444  1629
292  67
1051  444
1376  210
1483  79
209  739
1724  906
1340  1618
54  150
1179  1064
1076  1703
35  1092
1687  782
1584  626
581  1122
1844  856
1811  1380
1856  1119
1879  724
1188  1340
202  34
561  1536
1946  120
176  234
106  167
1510  649
625  846
1324  1338
510  428
1805  1360
1163  1135
1424  1758
21  170
1374  675
250  166
261  1406
1156  1961
1200  1463
1288  1116
957  601
100  85
1350  1730
911  1660
304  6
408  614
806  918
1458  571
752  1587
1321  1887
1345  397
488  813
1403  1155
763  198
591  1459
233  1545
910  882
1270  1229
631  1747
123  951
1968  167
843  1513
1394  727
1537  975
137  878
1324  694
306  1963
991  1345
1506  1571
1334  867
1411  538
1889  1224
763  163
801  1142
1751  543
1422  865
1992  163
1878  1074
1426  819
1461  859
1163  1054
1173  749
1882  537
1894  1094
1331  1761
1620  321
701  1675
234  437
1743  1946
1835  1175
127  1280
1547  1612
484  1091
1597  225
743  573
425  1725
765  809
1975  45
894  202
1544  1631
264  1926
702  1671
1139  878
866  784
1635  878
1620  1451
472  610
1805  285
305  1651
1671  993
463  1100
185  687
71  965
604  1347
1732  900
1936  622
462  1647
1836  1836
489  950
1940  577
1279  1224
178  654
1606  1319
1  1926
97  1950
1273  982
923  652
1790  1169
526  869
1732  365
271  500
1302  1070
796  68
300  1873
1851  1650
1648  1512
1455  1344
905  1025
1689  1883
360  1621
1808  1301
1587  750
1435  65
1950  516
1227  778
617  685
1223  820
583  4
1099  496
482  833
833  499
544  308
148  1797
873  1736
516  1733
1844  1526
328  979
265  725
1764  58
274  135
175  207
63  249
359  686
1369  1503
1553  1758
634  791
1691  1231
1494  1926
487  1326
484  482
1759  660
128  82
1347  1179
1572  1328
453  263
1484  666
1290  495
1390  715
283  467
981  413
1673  231
1645  731
1032  1505
1204  1459
895  1697
1619  810
1550  512
619  609
1034  43
1468  1540
185  1420
729  18
332  1169
1686  1384
1164  389
518  468
1338  1092
468  1424
1971  489
148  1132
1393  71
1198  574
766  1729
1065  490
107  575
1986  130
1731  1208
1555  419
1360  293
1148  780
32  1832
199  1528
974  189
1918  913
225  1309
1656  891
397  406
1761  1596
670  114
1316  604
170  982
1097  1314
1346  1557
518  1411
1410  466
1891  549
382  1601
345  1685
1010  509
1755  30
1951  229
622  1327
1023  821
1621  479
1150  44
34  1019
1868  989
1954  691
1295  184
1036  1566
1290  765
1611  723
1485  1989
353  794
117  1416
1543  1928
1651  1389
94  1843
1096  138
104  1976
101  1296
1039  425
1914  1290
1787  611
1355  1703
1706  535
483  163
1137  21
993  1167
1105  1736
1933  1625
734  811
151  1800
1393  828
128  655
1388  1307
1138  1011
769  1946
1989  535
47  1825
1783  1010
459  505
1451  826
914  651
684  1701
1876  1036
1128  1175
1807  931
470  1108
847  528
324  732
793  186
1556  1519
1300  810
238  1681
1061  528
695  734
1116  622
827  1441
1052  1464
1107  1905
1128  1191
256  683
42  153
1453  1993
1515  1612
485  667
859  1385
302  1527
1171  1217
1611  899
1684  742
275  1757
156  694
327  88
535  212
1627  1160
702  1723
525  959
575  1456
470  400
944  1098
220  239
206  363
1468  1167
1857  1167
156  1060
1218  216
1207  1920
1038  1183
134  242
1767  64
718  189
952  1938
625  682
933  1141
430  575
334  1627
352  787
1825  1812
7  1521
745  1204
373  913
386  509
302  1964
553  1745
1349  1562
190  87
1815  1499
1509  334
985  1728
787  100
1570  128
793  1987
980  1824
449  1322
1018  81
1470  1168
106  791
196  1560
873  1598
179  1477
597  1134
93  1338
819  1033
671  1866
1009  912
794  130
1872  911
1625  496
590  110
997  641
90  1869
1873  1703
519  575
360  1030
129  1597
520  534
121  1636
1465  816
1335  1422
1351  1660
1614  937
399  1780
1940  20
1051  1677
1866  1227
255  722
1734  1515
1699  274
1187  1593
773  162
1969  1868
184  766
1242  1576
1158  421
1393  722
558  1130
1611  1584
348  988
105  9
188  1453
1120  227
1373  1894
1646  1702
1779  153
754  1771
1953  680
1349  1791
52  959
1337  965
390  1715
1415  55
1194  300
1976  219
723  466
1876  132
1878  647
246  636
1542  1263
720  1804
1825  24
688  781
1365  1123
1863  856
827  1268
721  1272
1642  1584
624  946
1827  688
1079  1412
1551  526
1046  1292
253  1275
941  1832
1917  924
842  240
368  1224
1767  22
1728  419
324  469
1103  1476
1313  398
1300  315
412  30
1911  1429
1559  1126
1311  677
26  1557
1221  456
168  881
1875  835
1383  1132
1527  459
896  1080
988  402
1785  1192
513  621
1306  1860
165  1966
618  957
1033  474
770  591
1249  358
813  583
1566  105
258  1825
574  382
572  140
636  517
551  1687
352  1021
896  1443
653  399
855  1702
235  1997
1758  826
904  887
1737  1678
789  1470
684  1085
1271  1056
1241  205
86  1335
1590  1949
709  512
208  1226
958  1298
415  1073
1802  1329
1075  158
1167  1667
1774  1057
859  1140
1025  1228
1174  209
1546  950
339  1648
280  754
455  266
875  96
1240  742
1053  1372
664  1837
1604  1989
1034  1477
1135  1598
1375  524
1432  347
645  1409
391  1998
615  262
1912  105
1624  1705
1873  1396
567  1691
1203  1513
260  1800
474  810
1874  996
1207  187
135  1334
1343  338
1565  1020
201  673
1641  719
30  275
929  1128
205  1847
245  988
1122  540
1411  1092
358  978
53  217
5  1015
251  1259
1489  682
955  1459
457  1445
1814  471
461  529
1578  1418
0  1082
724  591
1886  1490
470  326
1812  656
1237  391
823  1170
209  1554
432  169
155  542
1084  1788
11  1566
547  751
43  1557
1791  1957
0  1740
1065  1627
1118  1382
964  328
1670  407
1764  144
1461  886
761  176
1868  256
1279  957
559  1516
761  625
833  389
1915  170
590  275
837  1463
755  766
1697  1482
1885  1157
1876  1897
818  393
1455  403
887  548
1070  815
1088  131
1307  931
400  1273
297  1004
1179  1147
168  1806
1505  871
1976  586
1619  1924
1792  706
984  724
1270  1264
1869  1643
186  1580
1979  1644
1331  782
1969  1567
899  815
1597  285
716  801
745  806
1965  432
399  1822
300  1245
1458  330
1656  1806
804  579
1719  623
1247  823
1281  1670
1573  1111
1378  1777
1455  632
1066  493
826  97
1351  1470
470  1341
263  361
65  1579
1199  1034
879  581
273  690
505  102
1607  1979
39  1910
1523  1566
1955  1581
1221  800
1157  346
1625  79
1482  1054
146  1071
333  78
682  1083
1817  1628
953  1875
384  923
1449  3
427  375
556  1882
1564  386
728  15
1837  1632
1525  145
126  459
1905  720
1328  1743
902  108
963  1972
629  665
1465  1474
373  97
1584  1940
1384  342
619  202
1683  1016
566  1405
1243  38
961  1037
1627  1435
1491  1710
1590  861
777  984
954  1407
392  353
1459  787
361  1157
1319  1039
1750  42
1595  1163
1938  51
1312  1418
1829  1872
630  26
749  112
0  1626
13  1842
677  259
518  695
180  550
855  1633
1710  103
1487  953
675  1100
793  405
1468  1763
943  1802
1988  862
1520  498
594  185
1621  1355
1799  187
1069  477
1553  65
1011  1641
1724  857
1502  64
1171  123
1231  1040
174  1512
91  102
1874  82
2  335
1442  1092
197  483
138  975
223  267
533  8
176  1544
1555  395
1458  1389
1248  1498
403  965
111  797
1060  1389
578  191
1991  772
1257  651
454  1794
58  810
1550  116
1172  1203
1723  537
639  1128
156  298
541  369
1801  1304
548  340
946  278
751  71
1300  271
1859  551
714  786
1937  1532
1316  1201
1889  807
462  1926
59  968
1646  137
748  1534
1874  1024
1033  728
1287  1434
898  37
1192  1142
1983  1008
526  155
1687  1134
618  1207
347  1782
826  160
1300  1270
655  1938
246  371
1652  1042
695  1160
476  1298
421  1944
1086  383
388  1305
44  692
1443  1473
349  1525
1008  1296
1837  1097
1903  1507
1340  745
362  1101
548  403
1027  1168
659  1029
978  1675
1303  381
927  1453
653  1768
1677  953
861  351
37  1664
1944  1430
1726  454
274  1631
946  1819
732  829
1399  1205
1669  1698
973  417
1485  786
728  1347
1659  1530
1477  1213
900  1561
969  343
1626  1870
1467  111
896  878
576  840
1060  1707
355  390
1170  1577
1650  1745
1171  152
1738  1492
1688  1393
1752  1802
1482  375
741  1915
1861  132
394  1163
1310  310
763  1140
202  1246
1343  1567
1690  454
1963  1392
1139  1394
1274  1810
1735  1464
1824  529
301  1947
833  556
295  1150
1890  419
757  1433
950  185
575  496
1377  707
710  45
1799  1859
212  1094
1195  1542
1253  778
814  1322
21  1991
855  130
1813  955
347  783
266  527
287  794
398  74
749  762
1122  1317
912  762
190  1639
1505  1283
1979  1977
1991  1759
999  1907
1505  1765
495  1440
278  754
416  1391
72  702
925  824
1895  1792
1506  1404
681  1899
364  1686
969  802
661  280
496  329
268  977
173  893
892  1502
788  581
1831  1093
1826  396
1390  1508
541  1682
223  1526
239  1326
578  859
1496  561
408  1291
1761  352
19  201
1899  1819
1726  1669
1428  116
778  1428
1061  101
473  1594
1803  1819
772  1262
1459  231
1258  791
1724  1110
1797  122
893  682
800  656
655  686
1266  1711
442  99
607  261
8  321
1320  270
73  1627
1845  124
741  945
626  1175
1058  752
142  1666
117  1700
1332  877
1004  849
494  1526
1400  236
1608  632
836  790
1260  1586
1849  925
1618  1066
1478  1063
1681  640
1163  1765
265  1263
1592  1960
1026  1627
1940  567
1672  40
1510  432
1802  1182
116  1387
1286  1746
723  1493
278  593
480  1996
404  1866
656  1452
219  893
1493  1565
1531  1866
662  1516
300  1053
1032  1707
602  1091
1198  1950
733  1766
280  1624
1057  1915
1608  865
142  639
899  1791
340  1235
303  520
1445  645
38  1297
1802  801
364  670
1287  1450
91  882
1167  183
217  277
1601  216
1524  1779
637  1648
550  1199
1815  690
1502  383
709  566
1714  1848
1389  993
754  1077
412  1035
133  781
945  435
1661  0
798  1639
1858  506
382  1978
351  1267
1335  1938
656  544
1781  1419
964  472
1960  1747
1076  1501
1945  97
1098  1005
1463  1140
1555  642
1902  1132
1669  651
117  268
748  1368
635  659
356  676
1285  1567
1888  991
452  1820
1882  545
1629  294
55  704
969  653
1268  1420
1373  336
1974  232
899  561
685  330
1869  114
707  132
1967  478
211  1714
1889  1310
2000  891
1141  1535
1015  912
1599  1509
545  346
1978  627
918  1118
750  13
1056  1763
1625  305
1890  363
1100  1062
1955  1306
540  1161
245  529
1217  544
978  662
793  105
714  259
119  1481
545  1788
27  119
1953  1789
824  1396
530  1635
765  642
1826  1089
230  42
1961  842
1271  43
1615  1295
210  549
1994  575
321  1526
691  1223
1978  597
1113  294
1796  486
1952  1229
1094  378
742  1121
1665  190
1624  1995
1954  1691
1293  745
165  1827
74  426
1743  225
287  1027
606  1968
323  867
1921  940
1740  1498
135  651
1961  1126
1330  829
1470  488
155  292
754  1756
277  588
762  887
829  1976
328  1973
11  347
1165  821
1361  920
765  1967
1096  777
915  317
332  462
1894  1395
516  1358
1570  1532
541  477
1114  327
1812  1871
404  1745
329  428
1781  1783
793  1256
42  27
1978  1090
1934  622
96  204
410  315
1507  1888
539  705
157  1672
866  1895
1636  1757
1911  888
1428  775
1085  1485
1219  632
1262  883
1810  1414
1670  1341
1904  976
1404  619
1840  534
1000  604
729  293
414  1294
1993  805
1722  1263
31  135
486  1149
1396  71
958  1731
1197  706
1199  1056
1128  1108
351  1418
1868  1959
422  100
1633  970
297  1268
1929  662
828  777
1292  1633
626  1295
1651  1635
601  601
121  1266
1296  92
219  1261
1163  391
95  1792
452  946
1492  1348
1080  1804
19  1927
1270  964
250  1963
1126  1709
592  1992
251  1783
1613  1814
1376  1209
1121  981
1675  1558
620  948
1415  193
743  89
955  1164
1400  1794
1433  603
11  61
475  1891
1723  1435
1600  1893
198  930
657  142
369  1361
1484  950
582  600
661  107
102  1887
678  529
1636  1277
692  1382
1805  665
1992  1123
1680  496
324  1041
1389  654
212  197
1724  666
667  921
250  560
1545  344
1532  800
1062  132
306  633
197  936
282  969
1420  1131
558  1277
1303  793
1894  1732
1039  175
1815  982
114  23
1985  599
907  1357
359  660
879  572
1679  819
681  1424
417  928
1782  533
1758  1348
87  944
1336  1787
259  338
1692  951
1596  1444
1475  1283
1767  1442
1548  885
1238  295
1394  989
285  631
416  1635
1356  174
409  1933
1646  1661
378  569
1739  851
1630  1728
1461  1516
768  711
58  1922
390  1979
765  1990
1438  562
247  1600
1835  434
560  1001
483  1617
235  678
749  444
938  1976
1403  1163
1496  1603
455  532
798  1353
20  1486
1111  369
1087  1943
745  1868
509  1533
499  200
404  1654
821  624
1916  1668
551  1131
1179  1168
1363  433
251  1688
1044  547
566  1007
987  406
1049  1128
747  469
1132  1146
220  710
204  945
1591  1707
1427  1715
1410  1079
1973  1930
1273  1656
1164  1245
1170  1080
529  1480
86  1581
892  190
88  896
810  947
532  466
1421  302
676  654
100  1760
717  1356
1239  111
690  815
1971  1586
656  1400
1755  928
1360  180
1318  1442
788  1804
875  108
1128  647
430  1335
1974  24
1764  1927
1575  583
71  946
865  1300
261  1559
1831  818
477  1779
416  552
1994  452
1089  1486
234  526
1615  257
1336  1088
1527  517
148  1231
147  128
72  47
655  312
1967  1277
896  1402
1201  1152
1734  291
877  348
441  1195
1200  1644
568  819
1354  1339
664  242
1820  320
1342  1572
694  1346
341  884
747  1646
104  555
1115  1889
1084  1389
1204  5
473  249
1704  1966
490  1725
1768  435
336  1451
1177  1168
461  1986
637  1149
374  911
627  903
836  376
1911  1605
1502  1340
1002  928
1690  57
1606  389
234  1620
1729  449
1782  750
1775  434
470  1306
642  1193
1819  855
1465  1193
1075  310
656  844
1453  1133
804  973
14  1571
991  1107
1149  1892
278  486
1771  1396
1577  190
1964  1399
276  1780
878  866
601  1026
1376  270
1548  1308
1314  1751
1615  476
451  1427
1652  98
1709  1172
1312  377
1126  126
461  437
1432  651
1421  822
1175  945
1613  237
1004  88
1907  202
992  1563
1740  1500
1179  1148
1641  1695
1617  1560
694  517
1839  321
1045  921
1590  1630
1116  1682
1717  163
161  536
1212  1255
1934  315
1734  233
723  1587
1069  950
982  1527
1306  1212
404  868
1086  54
924  948
1368  36
39  1679
1920  1248
107  974
9  86
674  993
1723  1238
1001  860
726  1956
586  1411
168  1790
829  1589
934  431
282  1289
781  1530
541  413
1935  290
1183  1555
1248  57
1694  715
914  533
1730  504
276  118
141  1981
1148  1714
80  424
382  151
154  1775
379  1995
1901  558
1400  1161
1419  28
1934  255
93  1547
126  1977
392  918
1715  940
1487  1022
1775  1845
1866  1319
174  1003
1421  1632
1079  800
540  783
923  1067
1045  434
254  178
215  1071
1342  801
1414  73
1282  178
1837  1253
747  737
1207  1264
508  1103
232  666
383  357
783  1890
1501  745
132  173
226  1531
561  231
1615  5
294  1394
1485  86
263  162
1837  1382
1369  278
924  620
1330  1626
370  1155
696  512
1470  1626
161  927
1488  1367
1428  1241
245  1228
59  668
839  535
805  1192
842  1438
816  1672
1658  139
1305  1499
1825  1423
578  108
282  746
1845  987
190  1226
1880  1055
1530  162
1673  1590
93  1374
81  99
674  1095
1857  27
461  1519
480  616
1831  1730
1819  1825
626  176
787  164
1408  1009
1121  295
1116  943
1798  872
1230  212
565  1978
760  1360
597  1618
146  772
1067  1347
261  1755
1105  920
1888  70
539  1706
868  1185
1898  124
1261  1448
997  530
1468  151
823  204
1417  573
170  164
1494  173
746  1244
516  1977
316  1723
864  333
453  155
157  1658
308  879
1173  357
646  1955
1012  897
1497  1133
423  577
1641  640
1033  1610
1429  1317
585  319
1131  1468
124  1754
1256  241
277  1765
158  1443
249  1308
1446  1565
908  1560
792  1910
1333  16
1697  1270
1890  675
188  1691
1735  328
1354  1626
1164  63
1835  747
1139  899
756  1730
1012  609
598  1621
362  1613
1033  328
1039  515
1094  1242
516  1385
229  629
1476  417
1128  1118
1491  1131
215  1280
700  165
41  1785
1628  418
990  801
1014  787
1226  292
157  1268
1458  391
137  996
86  968
1311  1102
1801  1635
744  1736
1724  869
1803  1669
1534  90
1825  1498
1647  1798
408  1293
1863  1282
1029  1047
290  1367
882  1815
1983  536
653  1244
1237  1910
1345  1492
1540  1199
66  195
1999  1119
1115  243
72  1749
1503  1873
495  17
65  1028
1081  864
677  1125
1173  1148
471  1281
1862  804
775  428
158  1079
1993  302
1504  196
541  1519
980  458
1047  1162
178  1562
1105  1727
1353  1271
1413  784
1402  1429
686  1388
1530  273
1071  375
425  1810
1119  785
1050  648
1841  1249
943  748
650  82
1848  1606
1991  1870
1843  197
1580  1074
905  156
291  1232
1848  850
1980  156
1002  1053
368  261
1037  131
677  65
623  1831
1361  725
664  1309
1903  1386
774  1743
301  1100
1185  702
834  50
363  1328
512  1808
247  1168
323  560
679  954
167  1286
1720  1123
1633  43
129  638
83  730
1125  1472
935  1437
147  1964
1045  958
720  1842
1361  221
1038  246
1013  1681
987  1339
1725  283
282  1053
1474  526
363  258
806  1573
1045  464
1822  790
1897  1064
1617  1343
1968  1262
1258  1004
1868  1417
705  107
128  1105
1024  1399
44  1640
1950  1039
1901  183
821  937
1344  1261
1265  1714
1911  693
1547  927
553  729
849  433
1297  1750
958  715
1792  554
1599  266
1624  1444
571  110
907  1947
1543  1416
1944  1166
1779  1429
598  375
919  1336
1418  1269
271  410
684  202
402  201
1375  39
1096  1969
1248  1745
1956  1625
274  335
1485  373
658  1102
1147  1819
168  431
822  1985
1980  1764
779  1063
626  983
1150  679
367  1236
1498  1095
1376  1634
1679  561
415  47
405  1582
52  791
1759  1042
178  964
413  583
664  1484
235  483
1685  1293
585  733
215  648
1419  931
758  130
1404  545
1292  311
204  1119
151  1126
1391  1061
1367  165
965  1642
1948  91
1573  399
1930  1748
1158  208
525  1945
533  923
1775  641
1074  86
1101  1983
1099  900
1776  1178
235  1016
1969  550
1030  1762
1954  1042
1660  1957
959  165
154  192
1205  683
189  1377
772  924
197  181
770  1284
61  1011
1059  1025
1930  930
625  660
1225  114
53  1261
27  496
1374  1548
1004  1980
1838  1821
361  662
504  7
1855  667
84  1248
1347  1714
653  1847
975  1787
856  1505
1790  240
1576  167
1154  614
1377  1254
999  1189
1662  297
812  809
133  844
1380  1928
1864  1147
399  1699
844  796
1103  1417
1399  1046
1443  1170
1115  1204
1349  1174
1664  560
226  1334
257  1370
948  834
37  1261
1314  965
774  1068
1281  796
1113  1192
428  1814
948  131
117  1869
33  203
594  418
807  981
1310  158
740  1926
1552  1851
1641  630
542  186
1630  1152
1772  1673
881  403
1802  1149
1903  584
1590  1394
1429  424
1365  945
725  1797
1033  1640
1122  678
457  1663
997  1366
495  1691
1794  596
943  827
1573  1189
38  142
1172  12
1150  1004
466  110
1322  235
1894  464
299  1864
1324  157
1612  693
1312  23
258  1011
1154  1350
1995  532
745  739
1011  1764
1870  666
974  1900
1321  286
1863  1834
759  1658
1979  878
1809  97
748  630
1213  1946
1428  951
1257  841
819  491
1859  476
1208  8
98  1760
733  1175
1736  1306
980  1304
15  1983
84  998
514  360
422  723
1211  345
1666  1547
597  546
42  765
336  1677
1225  687
1935  473
1413  1842
1569  1382
1394  1713
1441  359
1819  1729
887  45
149  1847
389  734
10  492
1046  17
1351  1561
1966  990
281  447
1899  1960
235  633
785  782
1427  125
1919  857
916  1126
1355  138
1764  1167
1867  444
1444  87
542  926
108  1522
89  1801
1941  46
1229  906
1914  1810
1414  1771
467  966
195  1662
1336  1535
38  1057
746  503
411  872
864  35
1983  1534
1314  1259
276  1303
1400  847
662  1477
15  328
1518  623
1188  652
916  1884
1764  847
1630  276
771  1061
740  1459
78  535
513  652
1257  354
1113  1929
128  666
1335  401
349  530
1436  1849
493  100
680  500
1781  1605
574  1079
902  531
1175  1176
553  65
1764  412
1078  1074
294  1684
1319  520
651  300
1634  696
1988  190
896  701
137  980
430  450
1801  1907
281  475
566  1497
11  785
1991  361
665  1151
586  1255
894  696
1885  949
1237  845
310  65
395  1958
1139  561
170  1294
1437  909
1613  721
1818  1638
1017  1236
471  573
1856  1524
1196  1882
1714  633
294  519
533  1724
1096  1636
1173  1741
975  184
889  471
1613  1418
836  1084
1249  1122
303  267
1704  647
1855  1850
117  811
1032  1732
95  1480
476  106
1604  822
1141  1673
1334  158
877  187
876  454
1614  1360
1412  534
1344  1369
1699  20
628  1150
1539  1643
389  1178
865  365
1397  458
1443  1998
300  1485
1656  800
1770  946
1865  311
1608  1653
1359  249
1742  699
722  1337
1513  1227
403  1334
60  1974
362  1705
266  1252
95  654
298  1077
474  1116
715  40
731  626
23  85
1736  1868
1566  1564
1853  672
147  1525
1687  182
123  163
57  1348
694  1622
1601  988
236  788
637  546
68  1045
779  205
1050  1858
1413  1331
57  320
489  646
886  700
490  280
2000  187
109  1436
1290  761
813  1198
401  1163
1031  1698
1833  1672
293  223
1083  1610
1835  1991
1457  1951
1934  1405
1117  931
638  1871
1888  529
1996  1956
1878  724
100  1059
1427  188
1441  926
388  521
1748  881
1428  51
379  1533
704  1264
295  247
153  757
335  1781
367  1524
899  581
1086  1410
934  1504
980  417
1408  376
1464  1606
1602  1977
627  1558
814  1917
1900  930
1458  671
1659  1006
1793  1543
745  1046
1843  407
1706  540
1240  758
666  184
1898  1237
687  1675
435  1018
198  838
1398  1906
1122  365
1867  663
1958  725
928  1240
108  3
685  1496
299  47
1539  742
999  1062
145  1213
688  933
237  1252
1799  40
358  720
572  240
1416  1402
1845  1175
1507  1990
415  1221
1878  595
615  446
502  1250
1145  377
1327  1522
1670  742
740  601
412  827
1418  491
1151  418
1569  688
370  1170
1509  497
1317  334
1227  1053
1716  1853
875  1699
203  2000
283  739
743  1379
1027  1474
1121  508
869  13
882  1861
422  90
206  342
829  115
182  612
827  1703
1086  1719
515  1716
1060  397
351  845
1611  345
705  1080
104  310
1624  85
63  1459
272  1656
1034  116
1044  1260
1458  1278
206  725
1616  1728
1040  398
966  918
769  554
1351  320
1035  878
1000  465
1042  482
1776  1063
445  1593
1920  1137
1674  769
1684  1774
1794  149
30  1661
441  1677
1497  278
1263  1170
33  63
773  1375
1467  654
978  1924
457  1259
931  108
453  31
469  1640
66  1267
108  1028
1499  1579
1110  370
1557  1860
1910  1271
1437  970
201  1465
619  1460
381  563
977  516
511  1550
1498  898
915  1085
1638  320
1404  1512
752  499
1249  867
1531  1504
1194  530
582  810
1568  1370
812  520
1224  1935
53  1637
1410  1071
935  1239
625  1758
1318  337
1482  156
831  1125
749  1671
1036  1439
640  488
89  1668
1282  369
1554  1532
1408  1962
1510  98
555  1960
719  1503
1687  909
348  979
349  434
1375  2
83  1255
1896  1898
1962  1104
624  1593
1775  43
1137  1266
16  1331
881  907
1586  457
1712  818
693  145
437  914
477  1499
668  371
1339  1911
37  1480
1005  19
1770  649
737  1842
1515  1396
1313  1903
228  623
125  1065
189  1130
1160  291
1057  1833
1090  239
815  1173
557  1179
1969  947
920  369
634  1789
1032  48
1489  1075
1008  262
1397  639
809  169
1314  434
1166  1675
1121  84
986  639
589  1489
1922  54
1757  1545
544  1613
559  1271
784  368
1325  1267
1515  565
1972  588
664  631
1281  1335
1183  385
1127  1159
941  667
1240  216
38  435
1232  17
1386  1270
454  1107
1229  1239
264  1027
1533  274
1220  168
1555  144
1265  839
474  510
230  1113
1288  694
943  998
1242  1503
492  659
1873  1749
1385  915
1215  816
1487  1228
903  1929
1049  998
1673  495
371  1902
745  610
1870  459
249  468
836  1360
1015  203
828  940
494  1914
1319  70
731  869
174  1143
478  1184
128  694
1419  1780
1103  476
1770  9
1798  142
1786  1179
1690  63
1324  306
965  918
1664  793
1263  1153
1891  1219
178  426
618  1609
518  464
505  1912
1432  364
1491  622
1999  1511
1487  545
1360  1154
1573  425
1771  1821
900  575
263  1907
319  996
1505  575
1566  1892
8  849
972  1249
1127  647
992  108
1925  146
1190  1623
1118  1080
470  896
1815  1615
1971  1070
214  1506
1982  1690
1290  1517
680  403
334  529
1842  668
1383  1647
87  1234
426  1371
1786  1234
1177  739
1470  989
1410  1728
1081  303
1140  788
96  223
325  584
1741  1123
1697  390
1364  1756
552  522
772  1035
509  96
1094  376
431  501
1364  1273
674  588
306  1046
1383  916
317  284
4  153
1860  1503
473  213
882  391
1525  220
364  463
1730  41
972  70
325  1411
160  1385
377  1739
1535  766
128  408
1669  110
975  510
160  1671
118  1017
896  522
550  452
482  428
1748  553
809  64
878  1485
1430  1291
1722  1301
585  1112
1372  214
1911  691
1120  539
654  423
1541  1425
784  302
321  829
489  1270
1921  1903
962  102
1275  115
444  251
966  1766
612  14
741  1997
856  1898
737  1235
533  1614
66  497
362  199
1445  1393
241  813
1111  1552
1867  1181
663  1798
281  511
736  362
1138  1747
1873  1015
1318  1966
826  145
1339  225
106  208
1206  1789
312  867
1176  1466
579  1501
1231  1907
1266  439
364  890
1455  904
399  1222
1037  632
210  1704
282  718
256  1373
958  428
1651  267
1239  1574
1715  1341
739  668
491  184
594  257
73  1960
1915  636
563  101
395  1619
868  1173
860  109
1057  364
832  1735
1328  340
1152  1133
1069  1326
1657  1991
1724  439
43  1129
1621  668
974  459
62  603
1816  253
1245  507
1221  1766
804  1490
1921  781
1622  1456
463  1853
1446  1945
750  186
114  1844
1397  128
1674  287
1377  1551
1517  1452
674  1177
1583  1106
719  913
1686  142
448  601
21  925
1539  1290
757  452
1471  72
1036  1238
655  1641
1726  997
301  1545
769  144
1653  1448
737  1136
794  339
936  602
1141  1998
911  1634
446  1215
71  1545
549  1964
348  1651
266  1784
783  581
1870  1249
234  1571
1504  514
310  1088
1358  896
1275  7
237  939
667  1274
1000  957
26  1218
41  979
1441  351
1505  936
126  677
1578  1814
1179  606
1514  70
1006  1966
1707  1600
566  1561
1102  1152
937  113
826  639
1200  784
759  935
1221  75
998  1840
1481  218
649  236
487  1227
206  1193
1097  865
571  1686
87  1852
579  1176
1392  1074
1630  1333
1595  300
476  911
260  626
1620  1379
465  511
727  1991
831  228
879  100
1405  1450
1966  332
1571  1532
729  1894
763  493
1254  1920
18  1031
782  1317
880  29
632  1969
1303  1866
667  1506
1741  746
542  831
440  1171
1487  698
481  1721
1454  1936
83  66
1183  1619
1259  1821
1802  1180
1925  406
913  313
1486  1300
1099  1904
1316  1235
48  159
886  560
1160  573
1801  1534
847  12
1048  1080
1306  165
1498  151
263  947
320  1516
229  1808
1071  931
702  174
1444  1224
1690  515
1100  1437
1207  269
282  256
222  889
1849  1562
1157  1227
94  1120
709  304
233  795
1390  64
204  1825
886  1319
573  22
1945  1720
773  31
1118  470
1674  1651
554  1152
962  868
1326  1249
1675  607
1742  805
344  1806
1719  1331
834  1161
875  1124
191  538
18  1403
140  1352
47  322
1020  1993
234  1737
703  819
1303  1912
741  1
511  695
1388  1400
1337  540
1980  82
1048  115
458  84
539  228
287  1764
548  1030
1567  1033
64  976
1150  1969
327  1857
1772  1468
32  1434
892  860
257  36
1170  465
917  1039
1795  90
345  318
945  1634
113  1398
104  1603
965  151
312  458
817  625
1011  7
1115  520
333  1826
1214  1964
1331  1033
747  1912
1094  135
1768  948
1377  882
441  1818
90  1006
1778  1163
480  972
830  535
1917  1138
1559  966
486  6
398  995
945  1361
74  1642
1479  550
1726  1285
502  1356
1792  1541
1028  1048
1513  1292
1392  164
1129  1090
1448  1607
1063  1111
1881  1474
1613  489
269  429
32  398
533  1241
374  451
1987  1954
1003  1669
1194  1808
1601  1015
1707  1820
677  883
1362  163
1847  1595
1207  1636
753  832
1592  1176
504  497
732  105
424  1498
1690  573
88  1737
1723  206
936  436
1761  1658
1038  390
241  1803
1288  309
636  1137
587  1684
124  1875
1629  978
3  49
1839  1740
1203  808
42  1911
1426  709
660  1867
734  1888
780  1900
803  1001
879  662
1918  1675
1092  1591
235  1943
1285  252
1196  746
190  1495
1758  1949
774  651
1226  675
1172  1696
213  1940
1568  47
1537  1703
310  1344
719  415
1841  337
885  262
372  1431
637  229
1997  891
331  220
862  760
1847  1916
709  1328
575  1106
16  444
1014  664
440  362
69  63
243  87
154  313
1636  1641
378  361
348  1916
534  1336
840  57
1168  598
578  49
1157  1061
1949  1768
231  1286
599  891
54  1556
128  1683
1694  554
450  91
1566  1715
193  647
550  1266
846  1962
1357  1810
1249  163
1821  1828
743  232
731  719
1335  677
1989  244
1598  1132
1593  1452
490  1955
178  1469
27  637
1328  1566
1970  1769
124  844
1291  1028
185  1315
7  859
1756  398
657  122
1731  1573
1899  643
1038  1148
328  1253
172  1387
1822  533
819  869
124  770
199  1942
1288  127
1503  312
303  549
1465  879
1256  330
1150  1505
178  1988
676  199
1307  1271
72  10
721  1110
222  1573
1288  582
879  1037
1142  1599
934  191
1473  1162
238  876
1170  421
1839  653
207  24
580  1518
303  531
881  573
1250  1492
436  1295
1852  1486
143  1767
1118  1895
1390  1639
829  1638
126  652
243  1397
1331  1539
239  186
1832  1503
980  1025
1530  917
824  440
279  1050
919  1534
1468  46
948  69
1977  787
399  919
1319  772
1427  1033
1858  83
491  697
514  131
1275  1550
705  279
346  928
169  1071
1789  1227
941  690
1980  1222
133  1052
914  1257
1681  835
56  1056
694  822
1453  1067
627  384
427  338
239  1003
1088  277
1710  372
1413  1801
424  592
1443  1893
1321  932
399  1108
1633  900
1060  1751
1773  38
689  837
649  1822
678  1679
1369  1579
69  281
867  402
883  1358
736  885
1738  12
1341  1662
1292  157
1074  404
1613  1537
1385  409
612  1257
467  987
324  527
1657  682
49  886
1135  1298
695  1643
469  1715
445  1483
925  422
971  1666
286  1137
1872  234
1617  202
345  1143
456  1315
926  746
1761  1649
1327  294
738  289
1245  250
872  1240
113  1805
1976  1046
762  1883
541  637
462  1082
1718  452
132  1531
1742  1784
832  1630
712  1545
585  442
85  1551
307  1903
138  246
1374  1741
1657  827
1329  1434
962  882
860  736
1144  182
1742  1954
1276  1807
1199  951
1382  1321
1478  749
401  774
687  2
1862  28
1003  1357
1253  1387
1754  1516
870  919
1429  521
1156  633
727  1856
1156  589
458  1979
1284  400
763  1788
1766  1772
1829  963
408  475
1320  504
1889  450
709  1669
712  1005
871  396
467  830
959  1758
676  525
1020  1079
442  1312
464  1421
218  1205
550  714
1134  1260
22  1762
124  1766
1668  724
234  1582
792  470
1984  448
1105  1406
1127  1297
1319  1596
291  317
1478  1748
1123  1615
617  1441
294  995
1463  684
454  851
1828  1198
1855  1778
1880  1469
968  1443
1530  1377
1139  687
1264  274
1207  1301
1278  548
1632  1736
117  856
749  624
109  1887
1430  1107
923  376
109  873
504  1012
719  1443
1285  885
1023  1896
498  1050
1031  447
1822  478
167  1410
1224  1707
994  1911
914  1778
1733  1558
1281  305
1539  1401
1514  964
804  675
315  1701
1079  619
1668  663
1193  1184
1360  867
1582  837
168  1134
490  1377
1155  1216
1885  1054
567  1723
1993  527
172  721
752  1528
1857  303
654  1120
888  510
225  622
1544  1078
123  728
818  772
571  1291
1535  831
1988  227
698  425
1125  57
1254  16
1796  797
1571  1336
1616  12
1304  1699
87  864
666  220
946  1473
1522  113
602  1397
1150  1950
1808  1226
1939  1912
1049  16
1572  1500
909  155
1968  1833
1450  797
1305  1847
432  1907
1436  1434
805  155
776  1410
783  1415
1040  956
881  1200
1458  1984
675  331
878  79
1706  184
1110  466
1763  1982
1610  1829
1097  1737
475  674
307  1573
1059  779
1268  1897
709  1813
1706  661
335  983
542  1183
1272  52
1423  316
926  1356
1958  1824
1390  562
402  1196
1990  1794
114  50
1367  1241
594  1088
819  1674
55  36
701  1319
353  548
1602  423
728  523
1668  416
762  885
1559  1817
1426  27
1899  603
992  1883
1412  603
1657  46
1617  347
1161  1462
663  367
601  1318
638  31
1425  1183
301  1668
1454  1640
1744  1092
1006  1289
1175  109
857  1293
580  1396
384  274
904  549
840  759
1060  958
1672  1967
317  1444
855  1615
470  489
1263  1529
43  53
691  184
479  349
669  1488
1685  1423
656  886
324  1216
414  638
972  1635
130  1387
192  1622
1770  1917
1803  1148
406  1804
1546  1601
1433  1549
106  1185
1394  633
967  353
651  598
942  56
1253  1665
250  466
741  1877
893  1488
954  1102
1718  84
1797  1605
1017  995
736  1804
654  650
404  1767
1251  1557
1682  6
509  1683
958  1906
1587  428
1298  1397
376  994
1771  786
784  634
56  1343
243  1063
1978  135
1625  1618
1653  1681
1538  918
873  1915
1232  643
852  1136
1801  361
1408  1126
683  263
487  419
1360  523
515  1283
1269  362
1139  579
1931  467
51  1809
760  1313
1205  842
766  587
246  1236
1786  658
1666  916
316  1117
1677  1103
576  869
1283  1497
1677  13
1778  228
1958  1358
1113  5
934  1894
190  744
959  1432
149  1513
1664  964
1748  932
1267  83
798  819
982  1065
1450  1452
185  268
1885  833
222  414
62  1740
164  1885
1489  1721
394  345
1895  1176
200  970
1352  855
1586  938
1352  198
1144  971
1062  544
1976  1389
92  1059
1950  1320
254  1612
1774  1053
180  1106
1715  1070
902  950
456  165
539  144
1074  1708
473  1765
132  1382
128  1646
503  260
888  1147
1171  1849
1753  487
1773  366
1251  1779
1244  1273
354  112
716  134
1538  1200
1795  189
632  1632
1838  73
1103  159
1894  244
1100  1894
482  1001
1189  855
678  1709
20  1886
1620  1240
336  178
431  1301
1432  1020
571  1315
1533  1124
1530  1266
1907  977
874  1830
1926  391
839  462
853  1630
1737  228
999  1791
629  1511
704  975
1421  1019
1718  1311
819  734
44  1947
1983  1078
1060  1161
1148  183
1354  385
1579  566
850  1194
1935  1545
644  777
693  290
1999  1485
1485  644
1661  611
184  1545
1660  1176
1227  1100
421  57
171  465
1179  1295
1051  156
1889  1305
1705  408
1646  750
854  1171
942  1623
584  1693
140  851
1960  803
126  1137
1990  1812
1268  131
80  874
1495  424
911  837
1059  338
1704  1169
1064  1405
1495  744
982  607
1634  1174
1148  100
550  701
150  831
1813  771
804  1528
1488  1606
1337  1583
1887  1359
1656  1182
3  1892
137  653
847  368
186  1776
599  1709
899  1157
1682  1438
1524  1371
1514  1978
1828  215
1607  434
1303  223
362  1661
1890  826
1836  1904
680  836
586  166
454  1010
729  1994
106  1923
32  1124
1603  994
270  747
1632  359
1476  394
1692  1271
489  1435
850  208
159  1989
959  1212
808  684
1884  886
947  1219
903  1710
1265  440
979  1815
1292  151
158  1864
1620  1470
682  962
285  222
1294  1234
1188  1691
325  224
1004  249
707  1178
78  992
914  991
1295  143
1664  1984
1611  747
12  1688
1601  1003
1746  294
385  569
140  1860
630  1450
415  1328
1929  1731
472  1084
1444  62
1736  188
840  969
735  969
1497  1721
1277  1726
1926  23
1809  1145
538  661
108  445
844  234
244  815
292  197
1692  1359
1025  569
5  956
1670  328
821  1858
1704  284
212  1396
519  1985
1048  1927
1160  926
476  1775
520  1736
1529  1035
1101  1804
1005  629
58  38
1750  1777
619  556
1274  398
245  896
1323  1539
357  1274
400  1571
1660  1473
1494  1253
1082  88
677  1725
1172  913
970  1316
1551  1406
1575  504
510  1070
1753  1109
1646  1059
467  1135
1860  1417
1156  851
1770  1389
1908  446
396  1293
858  1707
952  201
961  1861
427  417
435  1203
1114  614
824  1343
1559  409
1331  625
1266  1025
1860  1378
1944  1181
1740  521
1208  786
1431  630
535  743
317  1016
465  1091
1816  1977
487  715
1665  1563
1787  670
1866  1745
1603  286
472  1132
366  397
974  505
1227  678
1130  358
1557  55
362  629
437  1249
114  261
1865  932
748  1980
686  137
1792  1004
775  276
1415  1591
1342  744
1898  697
1463  1908
5  35
1121  1620
734  1475
1735  201
1921  739
1726  136
1088  1572
1700  258
1425  255
604  1982
1267  646
1597  858
95  1781
1644  340
296  751
989  1557
493  476
1942  1901
1772  503
1585  1069
661  1896
239  701
1495  699
1268  160
324  440
1025  1679
214  1062
1888  849
259  850
784  852
70  116
1532  66
1423  664
230  987
4  1394
254  558
283  360
1728  1011
666  1567
1074  1840
1742  571
1302  489
591  1645
1167  333
125  1512
221  70
1887  551
726  337
483  641
695  763
1255  1898
295  147
476  1356
520  737
689  423
1954  1002
217  787
483  1849
659  544
1165  112
1623  1976
1340  1739
580  1270
56  417
543  1508
1332  1300
606  659
600  30
1311  1244
1581  676
922  1631
95  572
802  1815
1169  288
382  103
638  1672
828  1783
1200  1379
35  45
1059  1189
519  1963
1490  963
946  857
1527  1354
984  366
135  115
651  1775
727  1076
1505  0
1384  548
624  239
1379  1167
435  1796
1968  391
1909  1672
967  1399
209  697
737  1640
1713  703
1209  1427
789  479
182  962
1176  537
1274  823
297  1548
1744  801
1890  1779
1641  1182
266  850
421  718
1822  404
1747  1468
923  1107
985  1575
868  995
1012  1570
1702  1994
875  1367
1592  1742
382  1333
612  1643
708  209
1983  848
1354  534
1444  1227
213  126
261  1076
1725  948
1195  1481
890  1603
1049  640
1654  892
1733  1362
153  276
1951  1847
1307  1183
1301  1146
1862  133
589  260
1440  905
1399  993
1842  1748
1525  1824
1712  1467
1775  902
1059  564
1003  755
1073  1823
749  722
411  894
88  1227
112  23
1718  342
1177  1531
1276  518
966  1296
1888  122
73  1908
1235  758
1899  1585
854  1030
82  223
489  438
1639  99
20  1193
1905  1112
1037  1860
744  490
893  1279
1621  261
1694  67
438  1388
1760  902
514  1228
249  26
351  1467
7  969
238  1049
755  1712
1033  37
169  951
393  1348
943  275
1233  1855
486  266
600  881
442  190
1290  1540
137  1038
1730  1647
1323  504
1042  1124
1897  1480
209  1440
1704  242
1935  1005
509  1151
730  1880
448  1675
1154  1791
1612  34
474  34
13  263
273  998
1497  1657
1501  1225
1229  1929
1088  1931
351  881
650  1064
1970  1431
1922  1796
1218  1814
1589  1225
189  265
553  1151
1166  480
1214  1193
1977  625
1544  1344
1647  1792
1813  1179
1559  1236
1944  446
1212  1422
879  561
184  789
772  555
1438  1729
597  406
357  1030
1528  7
541  509
969  629
632  42
477  514
45  831
535  1206
1943  1238
1239  223
1340  868
460  1778
123  1387
1389  415
1979  1853
660  587
319  1274
1917  1023
1293  120
202  1773
945  387
613  1823
1499  1030
1291  1090
323  814
1674  224
370  1560
882  206
1952  1366
1761  163
278  97
550  1547
256  454
528  957
81  1633
982  547
1945  93
1530  1055
20  1630
1266  1103
153  204
532  241
1691  1308
1144  1806
1831  1931
821  1498
256  1460
1598  21
930  302
7  12
1561  1498
141  144
3  1266
816  1060
334  1540
1688  493
505  702
1963  1800
1007  836
279  783
868  765
1785  86
1970  1733
352  1621
316  1373
1307  912
1312  1731
1199  284
70  41
197  390
1733  1501
1896  847
119  458
89  618
1435  1172
427  1411
251  1776
1515  1477
169  9
528  1691
1247  361
1066  699
1907  467
1187  1649
422  1050
139  1733
1453  1724
306  983
1291  1294
1850  200
1085  1695
1467  1536
1406  735
1567  1764
1817  916
233  540
446  967
1408  82
881  1387
854  1336
1421  598
860  244
643  460
1576  786
106  1073
31  78
659  669
1210  902
1223  1649
711  646
813  1209
1663  241
1427  869
1010  1013
705  1927
496  769
1341  1973
962  1013
563  1885
335  1143
1238  980
1081  1621
187  161
783  18
737  1610
1293  1319
339  1966
1230  882
347  1438
1839  1133
413  1054
1170  1625
1013  1862
1738  1162
313  725
1705  41
700  936
808  1476
837  112
1128  824
1462  210
294  1411
184  1395
812  1794
1650  586
689  532
1577  1650
1309  1061
289  1898
786  910
1685  1452
1611  308
462  1557
1172  262
1587  363
104  1516
470  1547
1885  1789
1184  73
1932  935
1220  1439
893  1241
1818  332
1137  1704
1822  769
127  1307
1519  1733
1492  278
1973  1941
103  1591
958  46
1018  1406
92  865
211  61
488  1953
1408  1176
534  452
317  1792
1321  320
1754  928
398  770
1396  1119
1706  1167
1670  1313
1071  873
1486  763
1570  300
866  1362
1135  916
1496  531
416  780
1255  1985
1667  798
903  761
1341  1784
891  1304
1591  216
1424  897
715  168
508  593
926  1148
872  1434
200  1576
1737  764
1970  1449
1292  1885
1119  515
1866  72
848  438
1666  1223
418  1217
1036  1794
1200  489
37  1464
1892  974
749  807
1160  1422
1907  737
247  1542
1480  668
1580  1444
1368  672
1120  1162
1841  1353
322  74
1487  286
1311  798
1408  708
1314  240
990  601
974  609
1849  803
1793  1965
1276  1261
1702  1694
1211  990
426  1740
385  690
1956  1973
915  957
1897  1300
1637  1825
1584  1183
838  31
913  1889
518  1174
1509  1588
732  478
525  1132
1620  362
141  1641
1357  970
1302  1996
337  553
944  1534
1647  119
1402  1519
1639  7
2000  131
112  1866
974  1631
1107  1316
846  439
124  1274
1173  650
1894  752
877  663
1224  573
303  1814
154  215
437  150
547  1303
556  613
858  163
859  8
93  466
1379  1428
1138  84
1024  1246
1102  8
1079  1637
1202  1919
673  1807
1305  1510
1798  550
1560  1049
1096  1399
1931  1805
1918  68
664  1308
803  1803
1506  1714
207  1589
1757  655
1694  922
1433  1168
137  1506
1444  1419
1617  1602
141  1289
770  1085
159  72
1362  1864
714  497
902  794
651  1357
1535  997
717  1277
77  1603
295  1057
1666  512
1558  257
1315  1300
651  466
1008  1118
564  1315
1222  987
1655  1711
1607  1317
1203  1977
77  596
677  58
1559  914
475  387
290  1333
941  750
347  1507
118  811
1757  268
217  1672
517  1351
300  1035
826  475
1510  1218
1797  1750
115  381
616  115
1481  1897
558  1328
1782  813
464  1105
1587  1544
183  111
1  1488
1703  893
1521  175
1184  110
749  1249
1275  1883
800  1206
201  251
183  253
244  1793
405  618
975  379
1629  1468
633  1634
639  1539
53  379
1050  1962
1250  1222
1933  1413
988  1764
1339  132
1033  918
609  11
1973  1385
664  618
629  150
388  1224
18  1032
1198  1057
1658  1434
1332  612
902  31
1425  683
294  693
409  1232
1741  1040
1402  878
1105  44
1061  1780
765  41
1559  79
557  1004
751  1306
899  1360
870  1819
1867  607
70  1775
1869  349
794  95
1501  848
797  1301
568  1918
524  347
1711  1749
897  163
1253  1328
1971  1028
1598  1339
1580  1140
396  112
1980  738
1945  1632
1639  330
1164  675
496  1785
251  1882
1454  472
1516  1071
1865  399
1499  302
1817  753
1996  409
1105  1834
612  23
1212  1796
437  1613
312  1075
44  1471
108  608
1180  1439
101  1610
690  752
864  232
829  1466
1801  1268
816  812
632  1306
1050  1250
1736  1143
1414  933
555  1931
1007  738
358  582
1931  498
206  1779
1677  1717
1357  532
1040  626
1302  1080
875  1867
1693  505
2  1533
597  314
476  1880
837  715
1594  1243
641  1843
1831  1575
174  248
1447  1408
928  347
180  527
973  211
1805  559
883  405
1713  81
886  1778
225  1466
477  501
1603  508
83  1617
147  528
676  403
150  1151
156  146
340  1864
370  583
1753  251
138  1724
673  305
1757  1316
1676  433
1902  757
607  550
127  1211
76  937
1024  341
1829  1674
1443  1387
1196  1545
592  1409
620  1678
830  1539
639  1458
1068  73
1690  271
1496  1684
1192  1593
607  494
1439  1013
732  1202
852  1759
672  1617
1224  123
140  1689
1868  610
421  1364
1142  1760
1913  1793
1557  979
838  1535
464  579
1676  873
1109  675
819  1719
829  343
57  803
1104  682
1637  1683
94  1824
314  614
1385  1701
777  1444
867  1838
1590  1668
601  1044
1287  1810
946  391
1126  1898
1256  115
1759  790
1104  1588
1274  1372
150  502
1923  670
1881  1347
1064  1218
1044  99
609  796
821  841
318  1696
781  197
1078  456
1281  901
169  1121
980  1385
1293  1397
372  895
633  1910
1859  1104
436  181
1905  857
735  211
1706  1213
302  1538
270  607
1702  1561
1071  1383
499  805
108  1203
126  1701
1037  1483
1953  1278
1991  1952
1162  1543
1793  1312
1288  591
165  860
119  922
587  1398
174  1560
1741  1148
523  324
1814  443
616  332
1283  1420
887  1435
914  1565
1973  967
1774  1722
1977  1385
90  927
396  1888
1410  1064
847  1200
661  1176
1706  762
1950  835
1956  231
1062  1122
1974  1402
1328  38
1274  1931
1513  737
268  571
1905  890
1355  1984
100  1069
1388  455
1094  1820
1189  479
1800  806
1241  95
636  333
1527  45
205  1381
120  1782
71  62
1474  1393
646  1995
1583  875
1320  1736
927  137
971  681
1178  1258
1694  1119
1242  1767
679  107
1258  500
1463  418
1057  598
779  1926
258  1495
93  1739
1431  1952
1767  136
11  378
778  1829
682  1036
1429  530
427  1334
1835  1010
1577  31
1259  1025
1685  1101
1384  256
1374  1427
1894  506
6  253
1777  352
159  1952
1421  201
1090  635
690  978
190  49
1566  779
772  105
35  1818
375  1837
1065  512
1397  782
1842  911
1098  1698
210  723
56  1633
292  1905
1244  20
303  655
918  373
1450  785
1234  1356
794  1327
1977  1790
116  1683
1737  306
30  266
553  880
1221  730
1070  287
396  1536
1391  1440
478  852
1780  1055
1514  216
1576  7
1111  1451
311  1462
672  1587
1412  1096
53  1396
679  1914
1170  1956
556  278
1183  8
1025  296
1680  458
961  1956
89  523
609  42
556  1037
1593  1753
1331  22
1560  525
160  377
976  545
315  1647
521  1265
952  1332
1300  649
980  107
1853  1511
508  1712
94  1298
169  1493
1261  811
230  1129
764  1030
968  918
677  546
789  1331
512  533
1669  1952
448  1312
54  1382
1216  542
1574  1752
1122  449
1737  1380
1031  661
234  1209
1235  1640
337  16
1275  1319
646  354
1655  325
1244  823
1491  1269
213  687
827  810
663  609
1550  849
1742  513
1708  128
466  165
1533  1400
367  1094
1298  366
850  349
1577  73
143  986
562  691
1906  462
807  1302
1534  1702
99  1210
836  142
691  979
1712  789
1428  1893
1358  425
1064  65
1951  125
1207  10
1942  501
1155  1680
623  1948
383  2000
209  1689
312  1560
336  367
1467  1724
326  744
1205  304
1493  551
1588  965
1539  633
1890  767
1424  1755
1514  229
1530  952
46  766
376  1844
1656  1186
1755  1864
591  638
284  919
1816  1050
567  402
1543  293
1185  1976
853  968
1426  1401
1853  691
970  1411
1098  126
1683  1865
1198  735
661  615
451  241
1599  892
1533  1858
1526  1629
250  1729
1123  1891
1321  270
388  1328
1505  648
1702  702
1444  1521
1717  1104
1970  1370
274  1450
1492  1197
1100  420
1748  1615
316  1887
24  1930
1002  467
869  1873
1570  1760
299  686
1716  500
224  1555
1384  1517
1595  66
872  279
1610  837
345  965
218  1873
1535  1368
1443  1840
1607  9
1945  44
1142  1555
1790  268
1916  1407
461  27
1704  1694
1250  1527
734  1670
1412  1556
1628  407
1662  93
107  1198
1732  1067
1276  754
838  652
769  134
498  1884
1994  601
228  193
437  494
1895  119
1194  1651
1068  374
1394  1319
1490  1353
1924  1179
723  1349
1379  277
494  179
1212  83
1728  780
215  28
1992  1084
207  1864
1157  237
852  726
874  1728
551  1184
1418  1267
1775  135
728  1880
728  1283
1724  1684
867  1792
1798  340
1028  1280
1360  1454
122  19
1100  1865
1282  620
788  1489
1035  629
987  1802
701  1269
561  717
1112  624
20  1482
779  949
121  1093
845  1962
200  1376
1252  598
1328  523
1926  1528
790  545
427  567
672  1663
1602  452
768  1864
992  1895
403  1972
1239  655
231  1845
1655  526
1042  691
1035  603
1612  217
978  1221
801  342
1338  1291
1828  959
1146  755
1657  457
950  431
537  532
1069  1201
1942  1742
1051  1970
1940  959
1956  1463
947  952
1847  610
586  1030
1187  1169
60  1037
285  1633
1673  3
1454  1332
1051  562
892  1326
1754  1007
711  902
620  1619
1526  670
20  1496
1493  207
1170  349
519  1936
297  188
984  111
445  1738
1240  206
1355  733
1425  1539
1389  957
41  1706
1760  47
1574  1802
942  905
1220  891
199  103
1207  648
1961  1314
3  1991
409  349
364  526
1261  1428
447  994
1336  718
1939  1105
337  1603
1123  689
1081  57
1759  1008
529  255
1233  1655
1034  29
1536  1026
1459  1103
14  456
887  853
1165  18
917  1274
167  1571
1344  1966
1558  1599
1014  1048
608  633
1276  535
936  1139
1379  1726
417  314
474  1816
15  664
755  1468
839  140
298  1950
536  902
675  679
1542  266
735  1578
1732  1411
1425  1235
1772  919
1372  965
649  1995
1156  103
1548  1682
417  571
7  1338
1468  526
963  449
1142  785
554  904
340  1082
1912  90
1029  378
341  398
607  109
57  885
909  84
1285  155
920  1195
1001  729
854  19
1257  1580
1209  982
1955  1691
711  663
411  702
1538  956
1928  412
1131  873
1979  37
1770  557
1901  1242
1416  71
338  826
424  1396
747  1365
1738  773
168  513
224  1118
289  810
43  541
816  1166
788  1109
1517  943
1274  1679
1605  1985
1817  566
602  1367
353  850
1023  1712
895  1662
921  422
1754  1627
610  1798
1280  259
283  1904
248  1126
303  377
167  1339
569  1746
861  372
818  86
1210  185
136  1383
1905  1810
1105  802
1860  1942
925  197
350  1291
1471  1738
655  1757
1088  806
1498  1207
1006  1200
1042  1665
170  1665
201  1
647  3
479  1250
1848  1653
1392  982
1136  962
639  176
1042  1234
1275  1038
1439  823
904  792
897  1116
1557  124
1630  1925
1754  488
270  535
96  1416
1853  590
935  275
848  548
482  1895
1091  1738
238  1274
465  1940
735  1410
796  1477
205  1557
1600  421
1596  1317
1409  859
1254  1798
516  35
394  1260
1608  1697
540  1348
1859  1290
1890  1972
1377  858
694  524
1846  987
927  371
1676  986
551  769
472  760
438  739
326  1538
1798  61
1690  1481
893  1963
1733  388
190  451
460  1071
92  1362
579  1075
1385  888
1718  349
1996  1402
1367  1513
1715  1326
1966  392
1939  496
1824  657
383  678
835  833
1735  490
1036  550
1695  746
468  1352
1059  11
102  559
1281  819
439  821
604  794
160  354
1656  1301
1856  1604
62  592
1977  1330
743  393
1016  372
1073  1370
631  1813
664  12
1714  293
1673  1084
1706  377
905  1898
1068  1480
1999  251
513  1129
1981  304
1896  250
312  1464
440  813
997  134
1523  1648
975  1928
1541  430
1435  1514
915  1150
705  919
1676  500
1588  1937
767  1524
390  558
4  865
1406  1443
1491  1163
697  1565
1627  159
1174  1977
681  373
52  711
1213  1628
534  1065
329  945
1177  1750
1919  756
748  1364
1790  1790
915  1198
797  1541
1059  1185
1870  102
1201  656
1034  51
948  268
1184  1075
1662  1221
907  1682
736  658
70  1869
301  113
1018  320
772  52
970  1861
1056  1426
1027  1147
629  1186
1608  905
1556  437
649  405
768  913
1678  200
1337  714
189  367
720  577
1697  75
1514  407
1900  1105
1114  499
1302  825
322  1817
1550  1268
249  1879
953  743
325  1993
1148  851
487  259
1994  201
195  1598
1369  1467
1070  148
1573  1188
809  870
1475  1991
350  1349
1823  818
132  23
1685  824
1499  883
1290  1971
689  770
323  1663
1704  1089
281  613
712  97
205  1985
1354  1518
1587  1170
1265  18
972  967
1578  1868
688  276
1523  959
1121  1993
410  1969
1369  1489
694  314
562  1368
674  1657
108  1840
1213  829
866  1035
1099  725
1079  1494
1224  466
87  1231
1398  981
747  846
679  1760
1733  480
979  492
1442  1120
1419  1232
1442  481
1080  863
183  1684
742  1002
295  1563
281  1398
1665  940
14  443
1028  1053
648  1081
1107  564
236  1532
1661  269
1642  884
722  303
560  746
769  425
557  1621
996  586
531  1459
313  780
153  423
908  298
881  1143
1154  348
400  754
178  670
404  889
793  1378
1391  1988
921  658
253  1670
1901  849
957  349
1589  1214
1392  714
692  1955
1203  1614
636  131
1868  82
298  1919
6  1796
631  289
1785  671
899  345
454  35
1589  238
1739  548
1416  1830
289  419
1672  1718
1526  827
1127  1828
527  1061
636  1989
712  1915
950  885
1427  1303
1802  1170
1062  1906
988  1595
1052  452
1086  1570
1661  1774
1825  921
1791  41
1556  1223
357  596
485  1074
1656  319
1842  1664
469  357
522  1699
102  1306
696  373
1500  1601
709  1184
1316  1566
474  1213
1707  1672
1874  1966
1232  1847
466  909
1340  217
459  215
1483  1609
1725  653
1533  1150
34  646
1848  1351
1475  1959
334  738
1893  1266
1613  445
1439  1598
696  626
112  440
266  23
1517  1027
205  806
1191  380
512  858
1531  1085
42  687
1520  733
1022  1868
1872  618
802  1830
1374  1286
1860  944
974  1344
1311  825
227  558
779  909
610  1031
943  1831
790  665
988  724
782  337
1053  1329
19  849
1003  1090
3  1697
312  1800
1691  1372
1200  1089
3  1317
708  876
595  1285
457  2000
575  1975
1732  784
1623  467
209  1136
598  1341
911  1286
128  1933
1690  952
700  663
38  1877
1467  1349
1176  1085
1897  1417
1980  34
695  1588
1422  324
412  777
983  1580
96  1839
81  970
1039  855
536  1905
375  885
1079  1983
24  428
1349  1539
1554  953
1156  498
560  521
204  1928
1462  1185
491  1295
200  560
661  1141
1084  1529
274  123
1448  1242
1935  1347
1372  690
774  940
374  1903
537  915
77  1479
690  1245
1824  763
1981  1671
971  972
1110  296
997  1009
101  1593
1507  308
865  807
1061  188
260  60
669  1767
550  1045
536  218
1046  190
594  1064
659  309
94  1225
560  173
343  526
1869  403
1236  1199
1836  1375
631  172
594  76
1245  1051
1741  1357
166  256
759  824
1287  45
180  729
1776  1669
236  1144
469  896
1615  1531
840  1233
1763  1079
1343  398
633  1558
743  577
48  528
942  554
36  1922
1661  790
613  650
32  160
299  1884
557  1978
139  674
1303  1793
79  969
1135  605
328  1348
78  1752
471  21
892  1881
1792  1716
1049  1236
633  1024
1195  1437
870  34
530  1260
1454  1448
1096  760
591  1185
1015  1669
135  679
1486  513
1454  972
245  1030
805  1562
1377  780
449  716
1831  1097
902  67
1221  1032
16  198
504  967
1887  1870
906  1211
187  790
826  1130
1886  1536
518  723
1149  437
1876  501
161  1557
1449  333
352  1745
1744  419
639  572
1012  456
441  1383
1464  646
578  725
197  461
1291  286
279  1995
840  1638
1941  989
1613  1506
871  916
1942  341
1328  676
816  1255
1332  607
516  977
810  763
1013  892
1135  749
1588  1198
805  180
1206  694
1035  1774
609  1432
1146  1751
356  369
1558  434
113  765
714  1467
703  633
3  400
122  1160
624  1604
548  135
134  568
820  957
1567  2000
566  993
911  14
174  1107
1266  1273
1674  983
617  610
1411  1189
301  469
586  1819
49  1417
570  743
1518  1188
1868  1015
1609  228
31  534
355  772
666  1153
1116  805
230  1820
569  1390
1526  121
858  149
637  591
1667  1879
884  709
1469  1319
656  410
279  336
1681  199
565  1439
332  1033
1469  1138
4  1014
592  652
1980  1743
801  1388
1569  734
380  524
234  892
826  1624
1359  1184
1816  1118
1165  1267
427  1972
1656  1211
1387  464
882  670
384  606
1026  628
939  1485
77  1029
1073  1608
1996  1846
182  643
491  521
1024  1736
1448  284
477  1043
466  1878
1141  1651
296  158
5  325
128  1185
1433  1422
1788  1682
1582  130
1518  15
1267  1368
187  776
375  321
1442  175
1392  1632
1567  1824
585  979
1434  404
1932  1021
399  1479
888  1056
1977  257
1121  121
1705  455
405  440
566  77
1073  1144
1604  1190
932  597
3  253
52  1022
1590  1037
1264  1271
953  1970
71  653
1069  1543
1859  1023
601  406
1182  1373
1779  1545
1348  1297
1500  973
1450  37
1990  1837
1006  1392
1742  1823
1005  1265
994  1723
1071  73
1  1707
970  546
117  1238
979  181
514  999
1822  1512
1513  1516
394  1529
239  942
1156  1998
242  197
1926  833
371  985
373  381
674  738
1509  420
1749  275
1127  599
1577  879
1418  721
1524  6
973  21
883  1535
601  677
1922  1626
1293  427
700  732
1331  432
1986  1228
1366  980
290  1230
450  1113
1642  1099
1846  367
659  1554
658  1606
1813  1370
578  1093
1392  1447
919  539
752  1649
1335  934
1962  892
1694  1074
1060  149
1432  1328
1387  1415
702  1927
37  443
1274  708
1159  283
486  1984
564  1587
1804  1380
259  1229
498  972
90  1736
1211  1825
1497  249
557  552
1013  204
356  519
397  1615
1860  1783
132  802
1800  368
1320  555
1016  337
966  118
110  871
1906  466
1411  533
932  643
814  1881
601  50
723  1911
256  1139
1092  359
1484  947
1353  1583
416  1215
55  391
504  1339
1123  1064
588  1900
1851  37
449  594
382  778
635  562
1318  1910
386  334
476  1412
1992  1130
404  199
437  703
294  1499
1492  1388
1309  1730
757  45
1125  844
1213  1316
1013  1575
337  918
1960  1826
1427  976
863  1573
1178  682
1170  897
675  697
841  1649
1129  1352
674  1344
1211  770
631  1662
1021  1006
1283  1553
361  1728
1013  1133
1770  477
1269  93
225  1989
489  556
815  22
1511  619
1844  1176
1773  108
1170  899
1482  587
1779  802
630  79
335  456
1515  1605
471  832
652  1660
474  673
568  492
1202  1237
1713  193
1079  1076
1925  1233
297  224
644  1062
86  1289
437  68
319  746
1883  903
794  1874
505  775
558  137
1735  851
607  1842
1891  1322
256  1120
796  701
1862  1566
9  1628
690  974
285  616
295  398
1239  616
946  725
692  1757
162  1256
1109  1022
304  1705
810  179
1315  1044
1172  477
1629  1093
14  326
1576  491
1226  1092
922  1797
1633  263
1813  1346
1990  284
1884  532
86  1277
626  364
845  616
1308  1012
386  722
1879  716
1812  102
1071  1227
479  316
1986  952
1294  637
1507  177
1544  529
1519  446
257  911
416  571
1252  893
895  1016
1399  974
99  148
1680  153
191  737
280  1845
128  1470
1123  1129
1776  1448
1217  57
1309  1852
396  490
1758  822
104  62
1461  510
1493  1861
24  1590
1605  524
337  1153
21  604
436  598
147  191
1101  1647
1191  1800
1716  1924
1670  1026
18  1322
554  51
661  1435
198  1063
1360  92
285  1268
827  707
1032  1739
695  1752
1401  966
1408  843
1997  1709
1487  1093
229  1238
292  1159
952  1954
1479  1408
320  1
1182  210
807  845
1728  860
772  1484
662  1246
397  738
603  1865
203  1599
260  1482
844  1281
1671  1875
1946  1039
1253  162
854  1449
1615  490
1834  1090
1595  718
1240  1721
1286  1567
1964  110
1554  1240
271  414
998  1457
1121  1459
1279  245
1959  80
696  768
1330  1642
77  124
1192  1333
18  672
76  931
1137  1328
182  225
1421  1912
887  1103
1830  583
804  661
1370  979
488  1643
1453  1313
483  503
1390  1435
1217  1390
437  690
1258  1957
271  808
773  1469
577  62
1846  223
1488  1224
782  391
1055  1647
1502  1571
667  1393
1105  1642
557  1257
840  735
1164  587
1359  1579
756  1534
810  138
1272  1420
984  187
1750  367
85  240
979  1232
1609  1994
1741  1852
652  1510
361  1792
438  228
932  489
1856  492
728  1026
316  246
1295  1625
655  1604
1536  427
420  858
431  528
1262  1304
897  1936
288  1267
700  818
487  1810
381  1695
754  1697
1416  129
351  1377
1411  646
1114  654
1564  1118
107  992
1233  612
1532  423
1528  719
1066  761
1801  1494
698  1772
1779  105
388  1188
1996  209
1920  560
302  511
1098  1463
1578  1076
1326  88
529  1740
1125  1377
315  721
1460  1113
1361  1779
1059  626
86  582
410  738
1756  931
1535  1660
900  64
1792  1124
1550  1850
1367  820
1804  234
165  281
99  866
1399  144
352  1384
923  508
1788  1935
819  421
1218  458
325  1806
652  179
1334  554
4  1204
1441  279
133  323
1234  873
665  1377
1836  1978
679  111
158  661
784  1065
1248  1958
678  1365
1873  1849
1201  1114
160  1634
1383  371
1900  294
1042  1548
782  1966
1849  1477
587  393
205  1780
1420  1462
1478  616
106  1743
1629  730
916  491
1569  749
1886  1249
1898  1671
1570  130
1211  975
1607  1343
336  1754
397  90
180  351
291  1438
1111  895
517  214
495  626
1690  1297
102  431
779  1343
747  636
1195  79
612  1586
1211  1824
1323  396
1020  753
1004  1421
1020  1343
399  825
1688  772
122  559
535  155
426  291
558  1125
484  147
1130  204
389  215
1697  545
95  1330
1353  601
1331  891
300  938
267  1852
812  1305
1943  1619
1038  1193
1880  1422
1035  100
527  599
353  1357
1339  1758
605  876
1047  392
372  1695
1351  337
1647  1581
1558  382
502  1414
251  722
667  1371
1444  1089
1265  1941
642  1785
297  1340
1503  460
310  1462
580  463
300  1428
736  587
629  598
1892  645
1385  1106
892  1368
1309  1527
17  790
1695  1425
354  396
826  529
229  309
1849  1271
1163  863
822  378
763  1780
48  269
934  775
1757  457
1068  1037
80  759
1456  834
1060  1530
1824  1867
79  295
926  1853
1995  1639
1370  912
1156  905
611  1482
561  1676
1788  75
155  755
918  177
1694  1441
1274  1969
1810  1332
105  289
1182  1015
752  203
1881  256
1702  364
1521  809
1793  360
712  584
162  1375
621  515
1745  1119
357  1114
1144  974
988  1580
1628  785
1144  455
922  1633
1579  363
1511  463
276  845
1895  1153
388  1846
176  1189
686  943
232  86
842  981
407  975
1073  885
1036  42
1307  404
1219  998
651  1339
996  731
827  1831
290  870
462  517
1124  666
437  204
1667  1923
1543  26
1482  1067
942  1773
1036  1377
984  1307
1629  1809
680  85
1323  1137
124  1347
1702  1522
1857  430
1575  211
453  933
1731  591
703  1099
1214  1484
782  428
858  1572
626  1003
880  97
1162  1102
1903  1248
686  216
1648  1473
1881  737
1978  517
1676  618
468  1085
363  1983
1481  1821
987  1128
435  421
1358  1246
879  1558
1581  1791
538  518
642  142
1121  937
1338  258
713  1051
219  605
1193  163
1288  560
1322  1484
42  851
35  1286
1912  1940
179  110
1140  1913
1192  279
79  1483
1393  1545
1971  158
925  256
898  1665
1514  1947
718  163
1798  1691
576  1086
1468  1409
616  767
1312  593
166  1267
972  1273
808  472
1780  1695
1963  892
1950  1305
1508  41
608  773
861  701
21  1086
1377  35
1404  15
1865  1428
1731  620
1728  765
1467  740
1868  1577
1125  1392
2000  1335
1588  394
1457  530
1485  240
1014  217
660  977
1201  1846
1641  1149
465  961
1292  132
1014  1560
1485  1332
1297  1155
1655  1156
1852  1112
1812  1942
795  341
737  1494
348  1617
769  1754
1649  1786
740  1262
412  15
1867  642
1257  107
1896  1093
889  1157
1053  98
1735  779
1548  806
794  1935
315  1689
928  670
118  38
1790  138
1393  1932
438  1244
1627  634
4  1107
1900  924
1050  976
504  476
1442  182
1492  1254
463  1694
636  1791
1980  101
1687  780
1127  1259
1578  1506
1333  148
378  545
1885  109
1523  1539
686  1538
336  1713
112  784
1895  249
1225  1833
489  723
1470  1147
526  393
1810  1066
1274  1558
309  1888
675  81
1727  1271
971  161
576  769
288  1906
187  1798
1950  1619
980  1970
1887  1019
63  1426
1232  1598
1545  1714
931  1729
1390  691
1092  1962
502  1480
76  350
1056  1372
1020  572
898  1139
702  478
506  915
398  678
785  378
1862  211
1874  1506
722  1666
1930  304
684  1364
1485  1557
842  208
769  1588
1593  1749
453  1638
1161  974
1444  354
1791  1780
1252  422
1180  1283
342  1623
381  224
1142  1872
937  935
735  1051
1584  588
1047  1982
605  1702
868  875
1434  815
911  1576
663  101
1726  1240
265  196
790  951
1537  1420
1653  324
1151  957
1981  1251
65  315
706  553
1139  1606
618  1730
677  144
1703  1115
1789  89
1560  297
1938  1708
28  1386
1272  1367
1413  755
1968  578
1442  796
224  264
549  1392
1132  1617
1447  1769
43  1560
1620  959
113  1214
591  1106
1813  217
1979  1614
1  1734
6  1700
814  700
837  1666
588  1575
257  63
424  1790
853  1489
301  1280
1535  602
1242  13
355  1930
1675  767
1416  1811
1734  1309
1665  1018
981  270
390  1119
1347  1903
1509  626
215  1181
619  33
1311  1952
1249  1532
1361  1958
978  1841
1015  1104
156  530
1211  251
841  783
447  446
707  259
1751  1923
1140  281
373  772
1067  1668
1128  785
1899  1995
445  1876
1743  937
1920  1662
113  817
1287  337
1272  1173
13  1871
1304  962
517  36
1983  1274
1946  1042
1434  209
412  1942
947  1554
929  1392
1295  1878
2  166
1383  849
251  990
1350  819
752  101
1121  1899
1785  773
428  1112
1971  1645
770  1131
1808  1139
1467  1301
868  1251
1906  1655
435  11
272  1291
1383  526
1040  1506
545  1968
1129  1188
1434  823
212  278
504  414
1595  1186
1505  1999
564  1066
1325  1673
765  1175
490  184
1742  312
1155  430
335  1249
688  200
1139  347
32  1103
1786  1282
256  1687
1993  1669
1145  759
1719  547
546  1917
1231  715
669  1553
441  430
988  348
579  1510
1170  197
1996  774
1882  716
1385  1043
1565  20
1008  612
1187  354
632  1620
1254  1406
465  987
1943  48
1991  1261
823  153
468  1100
611  366
1675  1343
971  1160
716  1549
216  670
1016  1618
1483  1951
317  1767
905  676
1947  47
1315  1566
1536  1990
1073  223
669  180
128  1753
723  1868
1716  1861
451  1414
276  1449
57  908
1115  895
1079  787
305  404
110  926
761  598
1054  1799
1000  1649
1399  74
1815  772
565  1148
1070  1336
1847  402
793  166
1808  118
691  1791
1167  283
1478  678
715  1457
699  975
1302  43
1263  399
1505  85
1141  1434
1864  1501
177  145
40  1742
1071  639
1260  441
1549  903
1155  148
1380  1197
1085  380
827  1026
815  1352
399  679
910  152
126  1083
1454  1923
273  1909
511  411
287  1812
1656  968
1048  621
1881  1467
1564  802
1172  363
1945  1450
1237  1490
673  1322
647  460
1641  35
1079  1791
332  1405
1034  1660
914  877
1942  1443
836  907
1302  895
1389  935
574  1612
1936  270
902  106
1219  1833
1749  1655
929  755
38  796
9  1059
1139  107
304  732
1192  933
1980  573
214  1826
453  339
1697  1560
86  106
77  109
1052  483
905  578
1459  476
724  1635
277  473
1083  547
481  1406
612  1219
229  403
930  1186
821  1633
352  1042
278  1387
27  1022
24  816
845  971
122  1352
509  863
1188  226
1012  1875
569  792
598  491
1479  1111
1041  1808
728  715
566  1319
15  1112
985  1027
746  1393
594  497
1339  684
534  1914
166  893
1764  1676
1027  359
129  1110
1501  408
267  38
1749  315
881  1921
1520  307
275  1395
1570  560
673  1055
186  1332
1137  652
20  491
1897  1225
1926  1385
918  737
143  1967
280  1219
1705  1429
978  263
107  14
724  1879
26  225
630  1331
1652  788
748  961
254  1518
77  686
306  1309
26  903
825  1180
881  1309
981  1440
1080  1552
827  999
1272  1213
64  1259
416  1437
975  1685
225  1575
1354  95
139  652
1139  1533
271  1965
369  1058
1819  287
1178  369
73  651
1700  109
1760  1697
1352  328
1213  18
1560  1235
1848  1061
1662  1422
1860  1066
252  498
1897  993
835  599
1777  1170
1602  329
219  756
1522  793
1765  1596
561  1368
128  959
888  1110
390  1669
1647  1174
1079  861
1763  365
932  789
88  381
292  1750
1729  243
1898  1176
932  1396
1574  1236
143  324
1037  982
376  1236
728  1412
718  723
1518  654
227  1241
1578  1139
1059  1680
128  951
1020  1675
1478  707
1980  826
1751  1548
1611  121
715  445
1352  1310
1057  597
780  414
1108  454
1567  1828
111  412
474  1593
1418  1276
1186  627
1816  1866
527  50
902  1186
197  1791
1429  280
301  253
1605  1455
1449  425
1623  1439
983  1327
1462  603
571  1235
1877  696
1127  1032
1733  1180
1618  30
336  1378
1001  1866
557  1825
1484  286
1102  99
134  1345
1463  1279
110  1865
1461  1192
1682  1306
1601  631
637  331
667  581
1830  630
916  80
1430  159
662  168
822  1017
956  1044
1426  971
1036  238
1217  98
1017  1899
1941  1804
1750  380
956  738
1954  1319
664  582
398  23
1688  320
1505  270
984  1825
749  1039
1912  145
1603  1755
387  1284
474  1350
357  1774
1532  874
484  560
1825  1003
1678  1707
797  405
36  517
614  822
1475  62
1143  1452
815  1316
504  1740
1270  322
1790  1802
578  270
432  1358
756  1810
1190  1048
1861  1720
428  1663
1293  1642
654  1622
663  815
816  1158
1365  78
106  1927
1428  353
1982  1260
692  1326
769  616
11  941
763  1288
201  532
1964  726
1610  457
228  547
69  1799
88  58
1485  195
1452  592
744  1951
1194  1065
823  518
674  781
432  1542
1268  722
361  1089
774  1676
729  1024
765  1659
1377  1403
169  703
929  732
287  1276
699  277
194  1833
1864  699
1726  1950
560  1475
1838  72
85  1395
1458  587
771  1268
1487  891
155  1130
1352  1532
1561  919
1412  1988
720  1206
1496  659
1587  1602
1207  1323
1330  1815
1326  571
765  917
685  219
1984  412
29  871
989  134
676  606
313  1704
1333  738
706  214
1280  1218
722  826
1586  1173
1520  431
738  467
816  373
1992  93
679  1339
499  350
1803  1074
236  823
676  824
1355  588
1664  1499
951  1006
1730  1407
1867  371
1077  1899
170  1996
1641  1292
1997  641
453  1901
1900  1682
636  1285
913  806
244  759
622  769
792  971
1472  730
64  1292
50  707
573  402
1409  1670
730  351
1398  1850
1594  574
1503  1969
967  694
516  858
259  494
1320  377
1976  1149
1494  743
62  1475
1059  607
91  253
1937  1067
744  1099
1034  1604
71  1106
1942  513
450  1858
841  1017
956  1485
71  1947
710  1102
903  641
367  1283
268  1047
1858  951
167  1281
1263  1483
1833  1375
274  1434
1968  1081
1187  766
1965  182
1350  1224
1348  1688
407  1684
812  1029
793  1193
1827  234
1475  1774
1650  1348
1063  926
778  1913
1692  1263
1986  1233
1737  1623
1975  915
1200  197
1239  677
442  693
1573  1606
951  843
1769  1943
485  381
87  1019
1853  785
300  1402
443  856
337  177
1736  46
1065  1712
1368  45
320  464
429  961
330  1276
916  1397
103  775
987  1464
1221  1615
1099  1188
1668  218
1687  1070
280  277
1774  909
1520  1745
1133  671
827  1962
1465  636
1117  254
751  1828
1055  1293
1627  1940
1790  1216
257  1037
1262  1831
167  1777
357  1253
341  1474
598  1234
342  958
449  772
581  1214
1579  937
1313  1396
1134  524
620  369
1768  825
172  1860
1664  1677
684  799
1859  632
1683  849
93  1259
1592  1250
1829  1185
840  473
1333  1552
541  223
1885  622
1233  1358
1318  55
444  1071
1995  1973
526  1921
740  990
996  1432
224  1882
810  1663
445  1985
1964  34
382  1461
227  967
1227  326
447  885
1593  1406
688  325
1877  1001
221  673
629  974
505  518
1539  1701
662  855
905  912
700  1025
125  1548
1628  194
1966  1022
361  751
1812  1886
1254  1604
1498  1920
1538  1790
1859  1391
482  492
63  432
575  1481
285  140
1694  292
1509  1943
1139  1248
1038  375
161  1172
256  1618
1079  774
1388  1214
978  144
242  1655
799  1785
1500  1801
518  134
1535  895
887  103
85  1900
429  1374
752  856
1569  1869
1307  568
1512  377
386  117
1187  1442
604  1398
148  134
1542  1586
277  0
659  915
248  3
1956  1744
869  440
1195  1796
1534  237
717  1045
436  1730
1203  7
445  118
1031  1183
972  1244
119  1620
490  123
260  632
1432  178
943  522
882  585
1114  803
600  980
1824  831
1102  1784
1927  1471
1565  5
1687  579
965  1845
690  328
699  1433
337  1246
18  837
1148  993
157  1043
1029  1032
1252  1913
444  150
566  1707
142  1918
71  635
115  1487
25  1334
1621  184
1212  34
585  1865
1057  1016
660  93
7  199
1203  191
1252  438
526  1820
1607  186
914  1232
1299  997
162  1037
8  1553
1664  1595
611  1421
709  175
1721  1519
835  1100
1801  1047
1450  698
1738  769
1691  1966
603  768
1691  7
145  723
1767  1256
1844  587
1938  839
1653  171
1813  24
644  418
1332  1210
1042  1703
1962  1661
1463  1304
350  1893
748  1961
1293  1566
431  1192
1482  1219
1627  842
1365  737
1830  1160
1411  61
1015  825
1008  1930
1401  1955
1471  1102
795  1421
135  739
1982  765
1421  1669
1882  954
1235  333
478  338
167  825
1964  508
396  482
222  524
1981  1995
1969  874
74  729
1814  160
790  1280
638  1000
1976  1911
1965  1815
1806  1493
1613  308
733  1048
164  1226
1136  39
1249  1951
1079  1929
1364  165
902  841
1483  1275
1821  578
1872  263
642  358
1829  1817
774  1271
1369  1803
325  1105
909  1562
262  1579
1551  1342
1388  1894
1191  1311
1506  1983
1605  727
302  1431
184  1234
1993  401
500  609
605  851
1891  705
170  411
1709  586
1513  418
1298  723
523  1490
604  1329
998  1908
7  1422
1441  1006
1931  1330
962  1372
1507  513
1855  443
875  1093
1747  971
1804  8
1040  1590
709  1709
127  1662
206  87
172  1652
97  841
987  1639
708  1977
30  876
82  1100
1557  1835
578  534
1461  1143
1826  477
965  1917
996  631
1697  942
805  561
1982  1453
228  1726
593  608
1086  1536
2  1591
1245  145
55  1583
1484  740
674  1878
1939  1509
820  248
736  467
832  116
110  755
409  43
259  792
1616  177
895  81
986  1460
1461  88
369  655
1843  1631
503  573
415  278
24  1900
365  1347
1796  835
1211  1148
1297  665
1418  335
1076  1312
497  1132
1267  282
482  115
1343  1860
193  1842
1009  874
1145  101
195  420
953  804
739  295
425  1381
1024  1374
876  522
972  679
14  382
265  768
1446  1456
1412  893
234  1438
74  307
1224  1954
1789  1691
1162  1228
1592  1461
1659  777
1762  1533
87  155
166  1905
983  40
44  1726
1989  841
843  1944
761  1868
1635  726
1260  1712
876  788
921  398
1396  291
129  1393
458  1832
1423  741
783  1747
126  844
475  537
1540  1282
1588  155
1423  1925
950  32
12  354
231  1970
1064  719
848  249
1098  1970
499  1185
418  283
454  1015
417  152
1372  801
1169  1716
1570  1420
1902  952
800  618
450  1220
1722  562
1792  1469
418  893
1279  1638
519  1045
1733  1036
193  1049
346  1688
739  1696
1055  685
399  421
1374  604
226  167
174  131
1970  37
1168  1720
1510  1616
1602  682
1056  1277
698  1370
1988  1481
987  1182
97  1621
430  340
667  914
601  16
1206  750
1307  895
1514  1954
1690  1007
165  1017
1745  587
945  1994
1602  1943
1762  228
209  1494
1287  503
820  403
675  1687
1813  138
549  40
1032  1381
560  1239
180  1490
98  1965
1532  777
487  891
180  909
1224  1436
863  860
763  14
784  383
570  1556
1676  130
1554  934
469  1937
31  874
65  536
1799  1316
1994  1649
1492  948
1725  213
1110  1922
1609  1883
408  99
952  1118
1537  1693
177  586
944  1278
1688  1015
1145  1812
1921  535
1961  1838
1451  1425
1556  310
998  1263
1458  1157
1093  1903
1157  1760
687  1670
131  1039
1225  1263
1104  210
115  1022
286  1637
680  97
1634  1514
792  1211
398  610
244  1572
11  1077
1524  1919
1965  273
1981  1834
351  880
1970  1965
3  1065
1016  571
707  1716
1929  1482
963  1453
1298  368
735  931
1893  1910
605  99
1377  1277
1268  137
368  467
260  350
580  1451
92  1539
1748  1011
1255  1395
1546  1339
1754  101
881  677
255  641
554  774
346  1111
531  1406
707  381
144  1426
347  1193
951  839
1510  905
544  1950
308  1762
647  1949
1698  1379
1002  1904
456  321
1700  692
151  161
1330  610
1976  670
637  1437
919  411
1534  241
248  1097
969  105
1250  531
1110  1057
1583  1659
1840  682
398  852
11  690
64  1367
1803  463
1082  1597
1398  652
288  1002
693  1162
599  1511
122  1005
938  740
1489  1161
1321  241
792  1628
1548  1285
450  185
770  1245
1431  1274
289  781
595  1691
1783  35
570  952
2  82
1821  1431
628  1643
1276  974
146  1075
1787  1877
896  961
1876  1556
656  1769
699  581
1643  216
1716  1794
1424  1394
810  171
978  361
1312  420
1721  1591
768  1261
126  977
733  1500
881  1767
1149  1024
1089  1431
1892  1114
1193  1362
413  1337
1885  62
28  166
1163  489
1116  1893
1461  1224
1601  1018
1368  1753
590  1115
1116  361
1925  397
531  1943
724  164
12  1052
700  136
79  1771
37  1822
955  1834
1640  294
333  995
796  1640
1008  1950
120  1025
930  468
860  1575
576  541
1690  1804
1553  205
1625  1991
134  1726
792  788
798  181
160  1451
1771  937
1288  1748
1582  1241
204  1831
1201  767
1188  1637
798  866
582  1532
948  729
1872  352
1066  413
1677  1955
1959  1576
1658  526
613  1680
1376  883
1021  437
1145  380
1367  729
1195  17
106  906
434  1500
495  1908
835  656
1181  1026
696  1223
873  1282
330  566
979  874
1540  1730
54  368
661  1929
1454  1507
226  1274
931  1326
738  429
1185  1103
987  1293
799  413
1712  88
12  660
1896  1393
1206  1293
107  797
275  1029
1365  629
1005  841
341  253
1047  2
1729  1552
567  353
320  37
1317  1769
531  907
451  1678
1658  635
764  740
625  566
37  10
1590  872
1037  1749
540  1976
607  806
1360  1906
1786  18
565  128
311  1659
123  425
1552  1886
546  424
72  971
517  1446
1769  1206
1997  864
1115  327
1368  1470
1668  489
181  906
336  1103
933  864
161  294
978  807
1881  458
646  1750
1965  1952
1240  566
957  1172
798  828
842  48
888  1751
770  1990
1913  276
258  1756
1844  630
343  1909
104  881
713  827
1294  1347
450  840
1436  1327
937  1707
808  520
116  0
881  276
1395  1182
418  399
1129  423
1099  1283
271  1155
1333  959
1765  1319
1318  911
1407  618
1201  906
44  680
588  1711
414  1036
983  653
231  382
1417  218
12  1855
1618  34
70  122
1537  1803
604  828
1211  1659
1621  1300
392  1229
309  438
888  248
42  884
1678  41
655  753
961  43
85  175
1277  1298
1482  110
210  1235
1518  1348
302  589
1774  1959
327  1880
4  484
1485  716
2  734
726  1472
1307  1314
1491  563
705  1246
1836  701
458  1447
516  449
1707  835
1491  1906
1280  786
640  485
1948  1042
193  662
1346  1446
1787  1966
1202  1836
1505  1272
251  136
1106  987
1675  52
102  1968
11  553
451  686
424  558
1909  1532
239  1264
794  1079
1132  1357
302  112
1662  767
743  1215
1014  170
117  516
1693  805
107  459
1685  1912
1384  1952
843  321
1258  273
139  1261
1562  164
1906  1289
1726  1715
36  1361
605  1820
1128  1342
1936  724
745  1694
1878  1242
1290  1634
1403  1377
1572  1307
1281  155
213  764
499  401
1704  1930
1200  1008
1735  1546
1086  882
1850  577
481  1539
741  641
1049  1803
1475  1474
255  1295
694  1794
780  491
1140  1896
1826  432
1842  1052
1589  1794
410  1716
1654  575
725  651
284  1504
1487  981
36  540
1992  1230
625  1791
708  1588
81  778
201  793
1191  1089
667  137
1492  866
429  1291
1092  1324
75  38
1086  1708
1796  1211
992  660
1080  1482
145  1642
652  591
746  943
967  1447
1335  223
495  878
1992  624
1305  864
1058  796
961  730
458  818
599  281
1284  44
804  1724
430  1866
243  1419
1020  373
377  200
1771  800
1121  1418
1123  1513
1717  1914
1883  366
999  376
1271  137
1641  1135
1275  831
2  408
1365  1682
58  1183
53  1806
1319  1613
166  1770
1517  1272
349  914
1292  485
869  854
1854  73
1324  68
1502  1490
690  585
924  471
1901  1536
369  722
1669  224
1738  31
1105  1956
752  740
421  1444
891  742
1831  815
912  1634
1131  1853
118  1942
1129  1190
715  1834
622  34
1772  757
920  794
344  951
147  803
53  607
1172  1372
536  503
1980  1470
1073  1533
37  1269
158  473
1630  59
1691  404
826  1420
1193  1618
372  1321
1616  1007
1381  326
661  663
720  1683
1916  1247
1341  343
1062  275
87  219
593  1224
813  1017
231  791
1456  1033
1155  970
128  849
782  64
1884  1366
244  546
1984  992
680  173
1185  709
1039  1125
1638  78
1089  1038
199  890
1752  691
1567  1253
1780  1459
1268  478
1713  1998
404  1183
1301  1960
1707  753
1321  1690
316  1221
301  759
626  863
1913  327
639  1416
1389  622
1791  1067
232  1970
210  1246
315  1885
1992  88
444  1168
1644  889
1867  194
1123  1253
1516  1390
172  1023
1490  1441
29  1213
659  1033
527  143
105  1938
783  1390
8  182
1072  431
1435  1988
1619  853
1902  9
752  1945
669  590
1558  1574
35  292
1433  1364
464  614
352  636
993  793
1552  988
84  681
1513  1283
312  1104
331  998
715  1628
1842  1775
342  55
500  1634
1233  387
824  1445
227  1025
1411  953
309  824
263  1820
108  635
1322  1324
810  1201
1592  774
1017  972
335  226
201  1203
1446  1220
1944  363
1925  1364
540  1509
1927  375
1221  1107
782  412
985  344
1127  1151
772  1085
973  887
1551  1241
1301  1426
217  869
1156  775
1938  228
1365  1848
521  65
1597  949
839  1014
1652  222
1177  517
471  346
287  1732
1191  1876
607  646
1488  980
1988  200
1067  1776
1608  1517
460  982
1560  1170
1701  1833
1483  1439
1352  60
681  603
85  46
316  666
1535  1597
1102  527
1402  1046
686  1523
1847  1857
381  1855
1730  166
1258  653
1394  527
1639  1407
1634  434
1315  894
178  1327
1183  558
158  1173
113  1056
1152  731
1954  1300
1203  1637
1805  1169
813  902
1858  1984
1001  1304
1109  732
412  1876
1387  1002
980  150
1797  31
643  1263
250  60
1110  1352
1167  1697
1870  446
1261  1726
94  239
686  626
1040  1307
832  1284
962  1340
1784  873
631  140
1330  889
344  1072
1145  501
922  366
1888  726
528  1
1442  1537
1559  1915
1340  595
65  1336
24  67
1913  947
1646  251
1569  562
567  1373
356  23
233  18
763  1611
86  1356
1892  1427
1387  759
255  1875
1106  1779
1147  946
1750  26
824  1419
109  115
88  170
1402  1722
126  330
473  442
125  812
1632  1666
394  1599
326  607
1904  322
1102  160
1943  987
1803  978
51  1347
665  1227
770  263
239  889
742  1913
1777  983
315  555
1278  749
1713  368
313  111
571  543
281  1688
1576  53
446  1495
1471  409
271  1105
341  1681
1174  1532
1898  259
1151  344
1497  54
665  364
1498  80
1586  1390
152  586
160  1310
1042  1560
304  1466
1868  236
942  912
1182  393
1000  1619
73  235
99  1932
1426  1940
1997  359
207  1843
936  546
1629  1427
899  1200
1791  974
368  1805
1616  940
852  1398
1222  1273
1137  1861
1036  1058
698  98
543  1164
1910  1084
1694  448
1937  524
1207  805
858  304
618  1742
618  1670
1329  902
1393  1105
1717  1147
484  673
1240  476
1169  1955
617  626
1529  1669
1460  150
1890  570
1603  1332
1637  789
148  1579
1159  1069
1318  881
161  843
1056  1010
956  1947
809  920
1359  438
991  776
611  351
329  1030
1477  131
1105  213
1069  1098
1522  87
1903  295
1162  195
528  1089
1083  1174
1493  1826
805  682
257  1478
1255  1150
1585  1734
1777  862
1870  689
940  394
471  55
1941  768
967  671
833  939
1215  417
1986  830
1363  145
1880  1023
965  620
272  733
1421  306
131  1975
512  998
167  255
842  712
1248  860
246  420
41  927
1597  775
1194  1283
1388  860
1962  268
643  422
1625  113
1558  1268
1414  761
264  850
927  1372
536  625
1042  1114
1061  816
740  972
1803  831
1140  384
334  1983
213  1925
1151  455
1636  1841
1740  1953
479  1093
236  137
1953  919
204  577
1196  839
1750  1829
1837  1695
1378  1388
886  183
1640  1675
280  1601
581  957
1086  325
136  643
1052  246
1117  60
1522  927
204  693
1566  610
799  1953
1865  1386
1798  1764
619  1060
146  1561
88  1431
1385  1460
314  1300
1475  38
203  1178
1941  1426
707  1734
1357  1055
1116  1567
1131  192
579  1893
662  517
556  901
1840  979
1238  862
540  800
1316  22
1495  758
718  942
774  1809
1457  684
38  1012
920  1815
1423  1207
1680  427
317  1827
509  951
1863  651
1447  1258
1189  384
1260  1406
1327  1560
145  590
624  401
1332  370
327  1286
312  155
811  1914
1275  1913
1261  1055
243  870
1709  585
1085  784
1866  1214
342  1958
273  1801
896  1181
976  525
993  133
723  211
1568  1909
1205  1001
412  157
177  1316
131  1028
1203  988
1770  694
545  217
1202  731
1229  432
151  132
644  280
1370  733
945  68
510  1356
1770  297
1951  147
968  523
912  261
1483  202
703  1664
728  1415
889  1914
145  157
1677  201
1056  1650
1315  1686
791  1707
1497  949
494  1938
1705  1443
987  782
669  857
1149  205
1059  1810
139  1792
415  893
360  451
1254  471
979  506
617  800
408  1886
720  1700
1492  96
1290  535
1957  1481
1694  877
1011  1759
513  745
1921  1675
1538  194
818  804
1811  1619
233  1312
821  1381
1314  760
1513  1272
998  1755
1064  657
338  1242
1336  854
1662  1181
384  1935
1466  1341
966  171
778  1237
713  991
326  53
469  497
1758  657
539  1221
1489  1420
280  694
865  252
936  183
1199  1451
557  1645
1112  1427
1663  459
1158  1269
1710  1844
948  992
1225  1468
657  541
1020  1645
172  1062
156  1789
1104  96
408  1315
1482  285
509  1311
355  699
1204  422
1700  170
343  444
139  171
992  1762
971  105
1335  1843
1849  1376
1412  951
209  1513
476  415
694  1673
1441  1736
311  1386
1970  1408
1962  1215
723  526
1088  659
1868  867
1158  948
366  554
1407  1098
682  1664
571  1769
1063  1641
326  1249
1244  1393
1870  286
188  186
1809  935
279  1098
1146  856
1510  1137
481  293
451  585
667  762
1310  503
1677  1123
662  876
708  1468
200  534
1549  1884
1966  1326
1023  804
1074  798
1917  1040
1499  1792
1278  990
866  1347
1912  1729
596  1915
1029  1769
801  500
352  594
58  626
874  226
1919  196
1230  1345
1770  539
412  491
460  455
1264  868
480  1560
1596  1975
1949  1108
1549  1396
1062  57
23  843
1116  1310
1018  231
617  1295
383  1103
1629  166
50  1728
397  494
1327  1098
1186  74
1726  1603
588  613
1026  1008
135  856
1023  772
1702  1400
985  1323
1852  888
826  1944
1665  1696
1770  48
553  920
1128  200
1088  1354
632  991
1166  1112
478  530
1342  96
698  524
1935  249
558  179
774  1763
1095  1474
998  309
1226  1495
1626  1659
1646  1190
969  119
1237  1973
1140  525
800  1754
1183  1535
729  642
64  105
1822  784
1313  983
1603  1321
1071  1977
1918  1804
1983  595
512  1178
865  293
1814  1337
77  1675
369  258
1074  1936
1545  681
108  1141
1204  1763
1562  335
847  852
1363  487
781  1543
185  1519
1144  1533
959  335
1218  1555
1371  35
422  203
600  782
577  30
1753  1900
341  609
472  1468
790  1934
1057  1477
1183  1207
34  1391
514  1595
1775  224
1190  1064
283  1515
1114  1826
345  196
593  1084
765  1761
1645  1975
320  482
928  510
560  1094
1738  1171
458  442
1590  1506
1868  677
803  236
1733  436
325  323
1469  1510
1723  736
328  1591
994  1705
834  1925
165  80
460  1984
523  710
1087  342
1537  57
874  1392
639  1156
583  1540
142  1659
1929  1906
1292  1514
1446  1614
1217  1756
1457  1835
592  1010
1510  1023
1498  1213
807  1039
444  1229
900  1014
1116  603
531  739
843  1519
1238  1724
1419  972
150  1321
1897  769
1028  652
876  973
1132  1114
853  1285
276  370
1294  1856
1852  1259
39  67
182  120
388  161
841  522
1027  837
850  803
33  415
1529  287
771  507
935  1657
989  1688
140  713
698  846
900  818
669  1362
1038  719
726  1642
477  223
67  559
1962  601
496  1058
1364  122
1496  280
1562  276
1246  851
701  54
1537  1723
591  235
746  1316
297  1972
1575  559
1458  50
1853  1680
262  1381
1346  1017
225  410
671  1223
19  1816
1773  1317
858  350
1670  1195
1945  78
1427  1723
491  508
1379  157
1855  1852
593  1748
564  179
610  1997
767  1174
66  1546
1002  121
995  637
1170  1413
1909  1353
66  1802
1082  1019
1637  972
1936  1508
1963  791
753  1072
1174  1081
1934  114
1738  1447
1895  781
1271  1936
1953  600
726  1750
900  414
1563  577
220  1264
374  1459
991  108
183  147
126  908
596  4
1460  1164
1308  1872
1216  1187
1541  1519
1290  245
904  1315
121  210
199  1268
644  472
721  1069
1324  1928
903  970
1625  692
1649  1134
624  1506
86  130
1629  1631
466  1556
1123  98
1064  1319
1310  885
1933  1474
1488  1190
863  3
374  744
378  317
171  1996
677  1091
411  487
708  1057
422  118
72  955
78  1054
1868  1082
1388  192
743  475
1376  351
896  614
1010  880
1045  1190
1262  1313
837  1550
1357  1202
1571  1377
1729  480
19  966
514  768
127  1002
802  1079
1303  50
923  1658
589  500
1333  599
912  890
447  820
81  1882
1811  1779
1257  1502
1695  204
430  597
1594  1379
811  812
1328  387
1756  509
64  934
1373  510
1300  664
1060  1527
1029  63
1608  397
1472  95
70  563
989  553
1878  744
1697  1265
1852  1485
767  1561
1075  752
1146  1543
1724  1991
416  1225
919  1024
754  1994
1237  1181
1971  703
1103  1039
289  1082
1204  574
104  281
908  1499
314  892
1422  236
1560  1278
1624  407
1093  1459
1476  187
1121  477
1721  118
1259  843
1790  325
1743  361
356  777
687  736
962  200
645  229
1510  1228
390  1022
1614  175
804  433
1763  420
1278  1265
1482  185
1148  1378
281  1681
1932  465
1820  1234
662  107
828  813
1950  645
582  1832
910  121
225  1427
280  1170
1427  401
1109  805
883  1073
1801  76
518  1051
1489  1616
4  159
670  602
1393  949
518  406
1358  1342
1526  737
60  1148
1317  1664
1100  51
1187  1140
956  801
121  1180
641  263
1023  1506
1557  1869
1133  1051
1467  612
1939  696
1337  1289
801  488
484  316
750  299
663  1584
1809  1046
1103  565
1196  1264
1061  729
970  1638
1827  72
1562  526
1877  558
394  1183
152  1223
551  1060
1267  1059
940  1838
1867  26
816  1629
125  1831
238  561
448  650
1068  287
438  1858
1105  1025
1  1894
349  961
743  1300
952  279
1537  286
740  841
356  36
1174  840
728  1652
1742  1149
916  1104
807  729
1928  980
1845  1609
93  1839
77  1991
1916  401
1071  816
193  1485
391  1379
649  803
1477  723
178  858
350  331
1800  1872
273  440
938  1009
1761  418
12  1515
48  1154
332  1412
1658  941
800  955
1787  351
1712  1042
1337  122
1724  1037
286  1698
1054  338
1618  1027
1262  1522
1283  571
650  1499
1511  1311
905  1716
1312  1163
396  739
138  822
114  1915
1243  354
1470  1099
274  1444
2000  1934
1378  736
428  234
1998  1658
1092  1804
342  880
1531  1688
1638  1800
1459  129
579  113
225  685
47  1457
781  1740
645  312
722  164
1335  856
1569  184
422  74
1358  59
1589  537
1630  320
1290  778
762  534
1749  1741
907  729
1210  1284
6  1005
24  739
502  785
765  443
1713  1818
48  458
1914  280
1187  1925
1130  1497
1057  152
992  746
717  420
4  1553
910  1850
1475  66
1855  439
940  60
1387  631
1989  715
23  506
963  1181
325  1717
1742  1132
599  1771
1084  732
1213  394
535  380
1155  1263
1769  113
1802  1093
619  1366
369  1182
1639  802
1108  1763
539  1670
1109  1730
845  1693
1066  145
461  1475
1590  1594
972  772
166  1449
863  171
1519  1604
839  356
941  77
612  463
1229  289
1073  382
1201  989
1121  1855
167  415
978  1941
1367  867
740  93
517  1553
1749  1209
986  24
1505  952
1437  1420
1893  338
708  342
744  191
981  727
1477  1609
46  1906
508  844
796  40
1970  1809
1100  1685
286  71
260  1069
113  136
12  197
1413  905
1754  1394
1937  502
1510  625
946  428
1999  1303
1631  602
432  1184
1474  1458
1617  1869
891  1257
405  527
194  785
354  1383
563  1724
513  705
1028  16
1612  1285
1509  264
1099  687
1989  1437
322  253
1467  1926
1198  1093
1661  81
745  253
672  1901
1097  1391
1281  184
1752  1476
1642  822
745  1709
1988  394
1678  570
1891  1995
1554  377
1518  423
1765  1174
1030  1807
277  701
447  1432
1606  1986
934  307
185  1079
1893  1987
521  1726
296  1518
806  1673
1995  665
1387  633
495  1331
306  1226
1561  65
296  1073
1216  1009
967  1407
1347  1955
1733  1576
1677  1465
311  1203
384  1463
1901  871
130  718
1970  1974
239  706
273  1153
15  572
858  1742
1131  930
1210  343
1371  911
1915  870
848  31
1256  1069
1652  1831
307  892
224  655
331  952
77  1954
1849  1708
1100  1672
1253  457
676  1726
302  1555
863  1524
1115  1417
1550  563
665  1746
1087  1175
1094  1858
1133  1152
1573  1206
1552  1952
194  310
1992  1217
536  32
325  22
35  1983
878  453
517  914
1078  353
1802  386
1005  739
1803  691
412  243
652  1862
74  779
856  194
1503  378
361  1231
1622  624
1672  1365
189  880
1950  1570
754  544
78  1467
505  1081
788  1882
1228  773
1001  224
924  808
682  328
305  1379
1540  605
1917  836
130  968
57  1290
1546  188
1378  1572
1373  1840
480  1670
1873  593
409  507
583  428
214  1379
94  614
793  940
638  1916
995  1446
965  495
346  949
1169  840
1839  438
1050  95
396  1812
288  1988
1283  1451
158  1626
1195  1836
286  277
1322  421
552  1313
484  639
1949  1962
940  1578
1422  1246
1068  1278
696  1148
776  215
1096  1170
1085  959
1722  193
1103  658
12  1580
871  1429
9  1003
1085  816
210  1446
1148  321
392  1298
1496  1103
1789  585
930  1816
866  1361
838  791
1137  108
974  688
1215  1583
