10000
399  1599
1011  705
558  579
1188  1806
30  1215
1189  932
465  273
1873  1781
1753  775
899  663
680  898
1207  1698
876  292
136  1352
227  1043
1055  990
581  793
1684  1852
1387  42
22  693
472  1401
288  328
5  410
1683  1536
1531  115
1429  1641
1252  1071
304  286
387  1098
1204  191
832  1186
1833  338
1803  719
506  1220
1108  1919
1580  1383
709  350
151  1943
1770  1264
651  1422
1137  765
1360  298
720  1646
666  1964
1642  1911
954  1684
810  1104
532  142
817  900
725  1786
1890  1399
1909  1858
77  1278
1477  670
140  1186
1468  869
543  355
1646  1117
38  882
1827  1276
1037  1165
1306  1293
596  1740
56  1567
1612  1245
1658  1777
1085  1132
291  234
870  1673
1828  422
1864  1884
1827  420
1903  1378
962  674
1544  1257
1090  1795
394  495
1827  1552
482  801
1058  28
931  1531
155  539
1320  689
1804  1760
102  1468
908  243
1456  1295
534  189
1294  1415
1553  1055
1646  24
653  1469
176  1757
735  1441
874  1667
28  907
743  1785
919  1289
1818  969
128  1371
167  1853
561  293
217  1388
45  289
442  168
1478  439
1310  1142
882  1219
1297  542
1550  1314
1552  710
772  832
1958  1492
1131  592
1134  420
1716  1830
1562  830
325  1592
192  1550
1712  802
1078  736
1055  1984
1863  1862
449  456
584  776
986  924
541  1792
633  360
1842  1102
1413  1557
1476  316
1072  211
158  1569
1042  1499
722  1514
1294  962
1220  623
1959  1880
947  785
1969  1410
441  171
149  314
598  549
850  1517
1523  681
1178  92
1142  1817
892  467
1966  581
1691  1508
131  1165
1598  983
324  412
1823  650
422  1859
800  1633
499  1889
570  644
1583  1033
1438  1655
1805  1308
1536  671
1533  1345
985  494
1091  1750
979  1212
1934  1394
721  320
630  863
102  49
191  1288
560  840
1690  885
95  83
237  162
662  366
34  1784
1044  1414
99  1366
898  1380
612  1034
936  1919
1699  757
1780  1518
417  1611
95  807
1782  1938
416  8
1099  817
1618  1714
856  1894
856  419
20  1408
415  1155
331  211
58  539
739  384
1420  1259
1878  699
615  568
1712  662
1758  855
84  1303
1138  1399
356  765
568  1880
1039  770
349  50
417  270
87  74
428  416
1568  1915
622  758
865  901
1263  588
716  570
1378  1621
1703  1841
741  686
1896  918
1209  1404
743  17
1574  1504
1761  1324
498  1864
1626  1376
13  951
1360  1815
1648  162
133  1732
1509  1743
1246  1973
1028  62
407  1879
1890  245
1895  792
891  1746
169  1840
88  1032
46  345
111  171
932  880
860  425
1356  1313
1731  1423
310  1871
45  1512
217  381
526  192
437  1139
1606  165
68  471
388  1085
1045  1523
1965  1710
191  638
966  1960
1020  1736
1738  1578
761  1777
1742  101
234  1311
1138  1323
161  1287
1920  242
51  1732
219  1111
1686  918
684  1097
1154  1910
56  411
409  618
769  852
1250  1966
706  1508
153  956
246  1118
1975  1592
457  1990
1793  1449
1033  1635
138  1223
1293  581
1450  292
496  1828
1747  1979
148  1471
876  1263
957  1013
982  1882
1280  1459
718  428
1466  472
373  433
1756  1279
1260  458
1980  1325
795  217
182  395
118  987
1851  18
321  1020
1315  714
853  1605
1253  543
1247  746
1963  917
704  1109
1593  1100
1774  817
1331  1859
1277  631
1767  458
1766  1473
1320  241
1783  1105
992  211
1204  1138
1213  41
1154  892
858  161
1622  190
944  362
955  1941
610  1384
1933  998
984  162
1388  1630
1746  1804
1129  1741
634  969
18  212
620  1159
1191  565
597  1343
118  1320
1086  104
1790  746
520  580
1587  1162
1038  234
1109  1814
411  1743
169  611
626  58
1177  211
478  354
941  1681
728  430
853  1499
795  417
1860  289
1341  1282
477  1210
535  421
1893  1779
1422  27
1715  545
445  105
250  1619
1337  1102
1382  663
1192  665
645  1077
1270  317
416  817
303  1853
889  1165
1864  1994
1830  1480
144  306
918  1540
458  195
1117  1779
1538  1754
873  1201
153  1887
1549  730
1345  774
1029  982
128  285
1260  989
1869  1873
1018  542
1833  210
453  1596
1505  1244
1140  1828
1594  1991
1746  1109
20  523
458  1482
1270  562
1208  1809
550  1300
1722  276
1555  1316
1223  1987
1055  375
114  1836
742  230
510  1227
360  1675
1254  270
975  136
1431  928
460  1896
1378  1549
561  1811
1364  1486
747  1261
1875  828
688  570
1551  1500
1851  490
505  252
836  832
1477  147
1997  1126
981  565
399  794
1234  1497
846  1615
901  272
960  1674
655  974
1157  1211
1538  6
648  266
1505  227
1405  1469
906  731
1641  483
1912  1233
199  265
1261  490
760  1119
1300  913
804  1527
1055  1401
1108  716
1472  202
1580  301
908  1207
1249  22
1435  1319
270  1135
56  402
1847  1852
93  57
133  1242
978  95
1561  1608
1811  1843
298  342
1021  491
1062  1493
1290  1040
400  1204
159  1378
730  1318
827  265
1664  690
146  514
380  150
1902  1441
104  1389
97  1303
1159  1667
1333  271
1052  1522
947  1185
1982  1617
1206  1616
1433  1419
822  1909
1861  115
1036  992
176  296
252  1367
93  202
1072  478
445  733
271  1144
78  1411
1745  717
1072  1517
833  1523
825  1897
882  1692
1966  623
1790  36
438  264
1329  177
979  1906
1709  1864
90  440
64  875
838  891
1360  1086
73  716
1936  1262
931  435
1579  824
1082  970
1944  1017
1530  1171
986  68
1885  1224
1585  1643
1715  1791
1808  559
1201  977
1134  733
317  1050
341  1280
1130  1108
69  1296
1845  1514
1567  569
488  1334
1963  1215
1548  563
910  868
1196  101
1034  1993
512  332
1423  184
564  586
144  600
1127  1462
1978  1837
51  1344
1235  1907
291  1291
69  214
1192  538
732  706
1722  1561
1659  992
974  1425
1279  520
1367  1508
985  1220
608  794
322  1265
1663  715
11  915
1694  868
1716  1099
1267  1666
1591  536
1407  844
43  884
1213  1889
1  981
203  148
385  856
987  1435
1534  1360
1203  1724
714  770
1669  1741
997  1547
257  203
624  1290
764  1114
1893  1990
1476  1858
348  168
1697  1912
636  1107
168  837
339  1929
1449  1422
128  1320
983  1916
1772  1013
969  655
685  1194
877  1207
1469  1572
398  326
86  526
1540  1653
639  1796
526  584
1925  1941
82  539
547  1656
619  1392
215  1519
138  924
1605  324
1248  881
346  1332
133  832
1618  1583
661  960
685  781
1952  1892
1813  1891
552  433
389  420
32  1500
774  1064
441  1147
832  790
1832  813
1349  1742
203  1611
1605  308
202  1049
210  1327
503  614
673  1380
1551  443
1993  1355
1487  1062
1487  305
859  1305
549  687
1688  796
1240  119
529  51
1521  439
1441  1618
595  1253
463  1151
625  376
1683  522
1671  1764
4  1038
1072  1446
562  1207
1569  1088
755  1069
1000  1393
1091  1715
1059  1893
1717  52
277  654
96  193
1191  1856
255  1726
822  1472
937  1597
737  945
361  1784
893  1143
1878  531
890  1152
491  854
822  1013
621  1766
785  26
856  1816
606  953
1219  163
1545  243
840  2
1358  1457
983  1798
1464  1922
1770  940
1400  1022
297  389
1224  1516
721  97
79  956
1366  4
901  870
1883  1974
1853  1675
634  1134
1696  503
510  1761
1011  36
1592  1720
1299  97
135  411
1529  1313
1237  966
478  1317
1476  1465
1077  369
440  212
1709  1758
1870  1254
536  612
1079  466
398  1534
1695  1586
1769  1100
90  1486
415  1635
1914  83
1300  1907
1621  1000
366  1429
910  961
1200  959
138  573
1628  113
1601  174
802  1096
604  1917
309  1618
1285  385
672  465
468  509
1419  1421
1777  1568
565  1462
1809  482
1688  1975
1757  247
604  958
1670  614
1726  1924
781  599
1634  1535
1349  720
80  598
1126  1110
1012  928
1682  1992
1288  157
424  62
1840  214
1736  1148
905  1621
1316  1184
1902  249
814  522
1735  677
1076  1539
237  1809
41  1442
719  1467
1145  938
294  1980
825  1788
1557  705
1736  77
1658  558
1240  1997
799  486
1664  1532
1516  1348
701  264
69  310
514  1922
1350  1645
1648  1013
1060  1743
1965  508
1538  1678
1259  1611
309  925
437  1619
1198  1514
776  919
1920  1382
839  806
1412  1392
1041  1294
762  145
902  1625
324  704
896  413
1107  633
1324  1061
1952  1050
1622  358
1545  1441
77  92
1393  603
956  286
0  703
1041  858
448  1337
1500  528
115  1864
479  969
1629  608
1554  912
702  572
1567  913
1918  1960
1842  1357
2  1895
784  703
334  1225
326  435
330  1426
1056  314
1509  1623
1072  1358
1649  170
37  465
291  969
1764  1510
1411  457
1304  1784
1380  1051
3  979
219  313
763  79
1700  192
1461  1249
1603  120
1432  1746
1138  344
1098  769
1316  739
1606  1
1919  1588
731  541
479  1055
327  1403
1469  1906
889  204
684  1546
1708  964
118  794
1004  349
377  72
943  1019
786  991
1372  1984
508  1799
1863  1139
1006  1401
1229  256
1266  1674
534  1307
1709  1050
701  1687
903  1448
1411  185
1563  1077
656  41
1884  14
280  192
243  60
900  1794
1594  271
1726  1311
1474  1201
284  1433
343  1162
1678  838
1130  777
1380  396
141  730
401  1051
559  1139
1182  1200
1829  1609
1713  1056
272  1537
322  667
190  1560
135  1554
492  185
1336  662
488  23
1042  1709
1695  1069
205  256
738  971
1497  372
382  499
1296  1674
1215  1325
1215  464
1294  432
1877  617
1702  1336
1529  724
1178  1809
1872  1755
1053  284
604  204
464  1337
424  1661
127  458
141  900
1574  1534
69  762
123  21
1656  100
1228  126
388  1136
1036  866
302  1381
1868  509
951  1568
22  1192
1427  44
1810  1980
1485  1647
756  355
953  1751
404  656
249  1313
1400  1785
1951  1716
14  1453
908  458
444  1780
1648  1615
564  621
279  1746
160  418
1361  1522
1393  1659
1517  169
720  1465
1327  763
1800  1645
1320  1208
670  1363
573  133
879  1934
1619  531
1209  1781
1203  190
1690  384
318  450
1000  1970
1326  1963
542  1173
456  1392
624  610
1169  1896
867  510
97  470
1198  981
1610  653
1169  126
1361  642
1507  1333
1610  541
1094  21
1120  1171
1118  794
1939  296
1969  682
338  1852
1847  1421
943  1911
1873  1702
334  1774
845  1105
692  929
743  760
1012  574
1883  1461
352  319
665  931
1275  1883
1366  1508
278  997
1458  235
411  125
1722  1854
1777  688
1686  1436
419  641
696  1920
414  626
1938  836
66  131
1019  756
1942  1006
687  1919
1895  430
1165  307
905  1077
1921  1755
998  1984
1084  73
533  376
1281  776
357  195
1748  1380
1162  1575
953  476
684  69
298  1520
228  1080
1913  1227
1280  372
1664  1246
547  435
747  1084
214  1142
307  1473
250  588
231  1923
1956  1404
1020  1161
546  409
579  465
1522  391
1346  848
1825  1367
138  1415
882  1722
1079  1842
99  607
1605  1541
936  1178
1939  1322
1630  151
874  375
334  1141
1482  1117
1913  1174
385  262
1915  497
566  96
1340  615
1117  1435
952  1416
1809  276
1757  1067
628  1082
1710  762
645  860
814  906
342  1804
1035  1212
1246  650
1362  447
1094  1426
1133  45
1182  1785
1042  1330
1165  255
49  439
477  641
758  313
526  160
973  1290
736  292
1020  1510
1847  293
623  1687
1268  979
1204  418
1390  1393
1759  984
745  1489
1163  1756
710  1169
399  771
498  314
1057  1201
931  480
1610  1266
1180  1573
1094  319
1824  897
404  420
1545  214
1661  143
19  249
1322  16
1510  1736
647  1193
71  382
690  964
1025  930
1832  1600
1466  981
1625  271
504  1806
930  241
1469  185
493  1193
874  1746
743  1916
1623  1238
357  875
1831  1575
266  1233
760  873
1871  914
1674  677
1510  772
1104  710
1722  758
595  1807
1473  1692
408  971
1942  1116
1529  902
950  803
1487  1450
798  44
821  562
1260  775
66  1653
57  552
1718  978
1631  1855
1388  142
156  655
1510  920
1566  1381
25  1220
1632  1931
1475  1076
1899  1426
1601  915
1869  1239
1371  1931
627  303
765  747
703  53
69  31
871  1179
1002  252
128  1262
684  1322
595  535
499  1307
3  1420
145  105
1651  521
82  1715
1665  1973
1722  475
1491  1542
1531  1706
1596  613
324  425
220  972
1562  1673
1247  1278
1530  1458
1648  333
117  963
353  1349
385  1305
406  1304
1116  714
1379  706
599  325
968  500
853  1131
1915  1576
487  867
929  1419
1541  1299
495  580
171  916
1817  925
1236  1943
1729  997
214  833
1810  1209
543  1576
1615  1761
1973  1828
1583  521
101  1187
1415  593
1886  34
1855  72
1174  1126
903  500
793  164
569  839
1345  1941
325  193
1720  1186
1456  1779
1875  1920
1221  952
281  193
238  339
1862  1583
1899  1261
1201  1417
140  1480
934  17
44  315
1359  1576
1219  328
697  1553
1692  1035
588  1709
1765  1761
164  269
798  117
1857  1109
470  976
806  1646
1287  613
936  1941
764  530
1844  417
1080  757
930  1776
1737  1591
1381  1253
534  792
1963  471
517  1372
1505  1935
1551  1593
805  1459
1788  592
1871  784
1489  1551
1710  1407
1127  1774
1886  850
1315  1524
272  344
48  849
1614  1285
1488  1749
576  1251
711  1204
1584  1597
644  770
209  1421
33  633
1535  1457
717  1578
305  847
897  498
1101  988
115  698
236  298
160  1192
1732  364
668  957
510  115
1568  983
785  1798
1744  1774
1132  674
1279  1209
1898  1637
145  572
28  967
73  1993
1537  973
364  64
1291  1875
1185  1192
1375  1832
541  758
1898  996
1771  1248
1462  162
915  373
565  6
1695  1543
1331  306
830  7
133  1790
34  1316
145  614
1851  1527
1789  1384
1762  713
1196  911
579  151
1864  332
8  518
385  589
646  992
471  839
1518  1308
561  1128
318  1033
1475  1844
431  1888
1135  1556
892  1067
1758  1662
123  1335
1904  595
212  1000
787  736
941  1631
1026  1931
1590  1295
95  623
1453  1852
863  1659
1053  979
593  1085
387  1355
64  283
1974  719
1751  1518
337  580
587  941
348  361
444  305
340  1377
1815  1211
1802  494
99  245
49  303
860  1761
409  1505
1959  524
100  227
1899  413
1563  788
1358  1040
586  789
860  1391
1276  1575
1149  273
1743  751
1690  418
1615  16
750  1026
1068  285
474  1365
1042  538
965  397
621  830
130  577
1268  608
8  1411
421  1207
676  1684
1004  1315
1987  1459
32  262
381  134
1407  667
1575  1408
10  1090
1326  760
1555  1182
1382  366
667  1467
1111  382
1770  131
1009  1832
332  1575
354  1879
1431  1298
1994  705
1514  1484
1862  1772
1091  273
1567  1767
1123  1254
408  1258
1685  325
147  1809
750  1255
921  85
915  472
776  349
1015  1345
982  1432
887  687
1569  850
1820  1434
177  1660
732  1067
368  130
1526  1378
783  338
1972  1836
148  370
1452  1132
856  1757
471  70
1708  1878
1866  1902
1076  540
1034  766
1866  682
73  1069
375  427
121  1726
429  248
434  874
1599  1388
1782  1480
1962  917
372  892
454  1131
1568  480
331  540
30  1400
930  810
6  342
240  1151
52  1215
85  215
1664  506
169  1072
922  891
1817  1944
1847  1617
204  941
1366  449
130  1829
1642  825
212  1952
958  685
1318  1329
1123  874
857  910
831  1464
878  627
105  1231
1054  608
1601  868
365  1485
1225  1366
850  1032
50  391
371  1994
75  418
1645  1487
217  39
1627  915
1504  383
762  375
1866  689
578  1064
1934  1484
772  1210
852  1018
288  102
1028  1890
839  966
433  1339
1416  191
1251  405
1702  532
1305  1815
1957  1959
99  419
38  1333
1863  1269
766  0
419  1972
460  1564
1134  1109
516  837
735  235
1149  1246
1003  949
1646  934
1589  1330
110  1045
46  1226
386  1467
1572  1985
1686  922
142  1882
1776  1574
1538  1093
1781  1014
1839  23
1557  1314
1408  38
1910  364
381  979
1483  1192
974  1339
612  641
1166  990
1823  351
1080  1304
1961  1421
1098  1978
972  494
198  1417
911  306
1714  500
903  790
1862  1867
392  1177
1056  1144
540  1155
1512  373
1698  1124
362  394
713  1413
613  117
898  304
593  564
1637  631
291  1279
927  677
1095  129
1539  607
1790  1975
266  754
419  497
753  264
1376  1169
1946  1082
159  408
1801  900
1804  1027
220  1581
551  1818
63  1045
1314  1497
1335  91
850  470
440  638
1860  497
1234  1654
726  926
1191  864
1440  473
1837  675
880  463
720  1744
306  543
620  909
1988  465
468  1226
88  700
1947  1749
24  1528
1402  1495
225  1228
395  1065
117  353
90  1541
347  1405
1243  705
741  658
1800  533
1786  686
1874  0
256  847
964  1455
996  1234
53  1039
852  1012
1475  58
1435  841
685  1440
524  118
431  1048
626  1175
698  1640
1080  1542
1315  1432
1751  203
104  918
1902  1248
1485  909
1807  1292
166  522
1306  1474
1203  602
903  145
759  539
1452  1194
850  1877
1547  788
1105  65
715  1983
681  1149
1261  489
563  1922
764  797
1840  932
1318  1713
555  1705
298  1696
920  1246
1658  23
310  1924
1151  1050
308  560
497  181
896  118
787  1525
1092  596
1334  404
369  1558
573  1722
1542  1347
1068  1258
768  344
621  478
1890  356
381  1490
419  1535
114  976
1653  240
808  1085
694  1841
972  662
1658  953
1519  1389
511  545
410  1524
401  976
617  500
1557  926
1344  639
421  1915
1472  1649
536  1889
1083  1830
1875  936
1910  874
503  1629
448  381
1827  279
1750  787
272  26
739  1038
1317  1034
1647  268
1365  861
147  604
358  137
1825  479
1526  1694
1238  1854
1033  470
456  1301
1133  1083
1710  1830
1713  587
1041  271
1775  674
1705  590
985  1048
296  412
1262  455
581  1422
1138  479
1649  1495
1871  29
411  1300
1412  252
1742  36
1193  1463
34  1901
616  462
1943  50
1417  1253
1358  1325
652  1950
447  993
1013  915
315  1886
1806  114
1271  1230
1530  604
1708  1032
1700  751
847  29
295  671
1929  528
532  1641
167  325
153  1000
213  154
1605  1552
1608  450
919  80
1968  211
3  1798
866  1318
1333  296
1036  889
581  66
12  1461
1706  1784
1394  1908
1660  1113
925  732
1363  1066
1439  1422
52  1061
769  1930
756  1495
563  199
1084  1095
1785  511
162  617
1493  1904
1858  1129
1959  747
536  471
1901  809
377  1378
695  1136
596  1688
845  875
1237  927
1739  556
714  1661
619  778
328  866
1326  184
1509  648
473  1890
450  1861
1837  45
657  1933
296  1777
1499  1498
1650  322
1458  1208
630  645
1296  1695
251  876
765  1974
948  1017
1892  746
1956  1073
1688  541
1965  725
439  485
1533  35
1643  1568
352  1507
1586  192
316  423
955  255
1487  620
1740  1220
1804  36
639  1429
1985  113
216  261
437  931
1942  1322
992  1769
1088  381
840  1593
710  1788
1306  331
1658  723
1254  922
1541  1724
267  770
1650  535
928  1137
1722  1018
1570  1105
1931  1151
113  1428
98  251
617  144
144  5
1237  1806
1141  1113
1648  563
383  1040
417  1513
1125  1932
543  1395
1974  539
130  392
302  824
648  1821
140  1564
1928  192
1123  753
770  723
64  397
1803  893
1147  608
1505  1840
814  1124
578  1835
920  988
1618  1147
1863  1821
1922  149
211  327
1663  1826
1349  1399
1917  665
291  1546
1420  751
1221  1280
1097  766
1028  1335
530  306
1081  705
1028  712
442  1944
643  467
423  1555
1059  191
1184  207
1763  22
919  864
1076  1096
1296  668
1251  1226
1537  774
1962  1668
1401  1615
1559  539
156  1464
1578  527
878  936
188  1455
904  1431
1874  1049
308  1529
880  620
1350  1235
158  1880
1982  230
1994  521
1242  1424
327  1178
434  1784
1879  1308
1905  1811
822  61
1265  866
447  869
367  146
501  56
1141  1917
1369  715
1597  235
1455  952
906  704
515  556
641  218
1176  1650
1606  518
1804  1725
89  377
1377  1549
115  1639
1957  1606
1944  1675
993  1941
906  884
1674  893
179  673
866  158
1529  120
1645  1389
681  1950
134  1233
952  1310
176  1329
667  1604
473  1304
1004  1151
837  1045
1393  36
29  1352
188  1480
754  1259
1583  1237
800  1779
120  1448
77  1740
1167  750
124  508
1325  1304
1292  1635
1055  762
57  412
1724  532
1805  500
1516  519
1541  1160
10  1992
1617  1798
1259  177
1235  518
925  1224
1791  248
459  1975
736  470
772  49
95  1763
1961  738
165  991
1897  1129
324  1770
429  393
683  1693
1021  498
617  614
563  76
594  1723
97  687
1529  34
1602  122
1171  285
395  1740
240  435
399  588
1140  1264
705  1594
790  1528
1610  1912
741  1821
1276  1504
1039  1242
468  1608
1328  1212
1478  1372
375  203
543  1870
1128  72
302  1928
143  461
890  370
628  1713
884  431
1641  1459
949  32
1050  1392
652  1880
1283  233
106  1331
1878  1711
941  1626
1137  752
1877  861
599  497
641  1054
17  451
694  1839
1618  1055
771  895
425  996
1184  1796
520  1890
1942  1673
1256  248
1546  688
105  836
1297  1966
1395  1943
429  1187
832  101
193  779
1916  1045
89  1325
1319  123
161  1580
1839  775
80  315
1922  1528
1146  1772
690  1410
578  365
873  1065
167  937
1249  1811
956  456
217  473
1835  1532
1243  856
628  798
93  1206
1280  394
1587  1578
542  38
1136  284
714  514
363  1564
252  82
894  1084
469  197
1517  1265
1132  1280
1518  436
1581  1239
1106  662
1671  264
1314  626
322  440
553  605
1738  358
31  1799
558  906
1402  1894
706  1712
1813  1844
680  506
915  1169
1226  1975
760  78
1632  1400
366  1916
1811  815
1998  361
859  917
1185  1434
1089  72
450  723
205  312
494  1053
1325  1031
12  1257
461  673
1969  1821
1425  1266
1680  1644
1669  1634
327  1344
85  616
772  256
82  1158
651  1540
1627  38
567  680
1857  599
505  627
439  549
1662  1918
1743  550
378  1653
410  1795
1269  578
1398  1881
230  1991
79  1505
940  1437
769  1560
1632  1960
1074  1429
598  605
1379  1481
1101  702
455  405
2000  1664
5  1949
1792  559
293  453
1805  1372
1237  342
1097  198
1337  328
1747  360
1973  990
1217  157
1512  1888
182  1146
188  736
440  134
18  1192
1510  1008
420  1930
409  609
688  151
918  1422
1203  66
1855  1666
1437  386
1038  1757
1387  1871
504  1355
1719  130
640  815
1436  1809
1108  1564
1771  1720
1246  312
655  1327
736  323
64  352
609  1360
889  99
946  385
1017  1117
436  1245
1156  277
390  1396
1839  1378
1240  682
1935  1933
1177  966
437  320
1142  1109
1047  1066
1059  725
180  1633
610  28
1157  656
224  580
1657  1434
270  979
1687  257
689  313
1726  1909
916  703
901  183
1652  150
1066  618
1591  1328
758  1282
870  1822
210  976
661  1969
1167  1633
405  1430
1119  704
393  142
1598  766
424  862
61  1107
60  111
972  1099
1709  1601
969  309
193  1623
249  1916
425  1915
240  1531
1391  684
540  433
1385  156
1835  57
950  1030
864  1337
1358  1076
921  1370
223  1944
1758  21
774  1718
1420  1950
1276  1991
44  1492
825  785
233  1439
41  1572
1566  1403
1834  1613
1409  106
1435  740
1222  1493
506  755
412  1455
714  371
1659  1363
1160  1456
1544  891
297  1699
247  1281
997  1935
249  107
1527  809
1486  1691
1304  1118
13  819
322  752
502  1313
1520  1241
51  206
1834  1627
1681  1300
1643  1151
1843  1414
200  449
268  1637
1283  1043
602  1125
405  1634
811  1707
1609  745
1485  434
922  767
861  816
1170  1551
38  378
183  1984
1868  1501
1218  1403
120  392
1060  1661
1699  433
1025  1383
1039  940
1250  1829
164  1201
46  1057
903  1086
1776  1540
1644  376
767  1740
206  1084
817  1345
123  1177
1098  964
1669  593
1716  1069
1024  731
76  211
18  708
1602  1857
1005  726
1763  81
1307  1745
1603  458
1449  1026
258  13
1181  1265
688  398
1026  221
663  1893
1387  526
989  1073
137  1208
402  256
474  1488
65  1474
1217  378
337  73
740  745
951  652
1139  1748
501  1901
1419  753
122  1110
1673  721
675  1569
1365  1231
411  716
1537  1116
124  1664
1121  1441
551  1738
1788  1542
1829  1148
1637  1928
190  1228
411  893
589  283
315  310
336  1469
1266  299
1505  1141
1338  595
145  731
1677  445
665  667
905  12
492  761
561  912
1420  358
1769  1855
1657  1227
662  555
331  525
1421  442
1946  1261
1194  1157
1513  66
737  1981
1076  1730
830  401
936  535
387  572
1945  1702
786  192
1996  147
393  1911
478  979
355  1122
833  575
1786  1337
559  1542
1381  1304
947  1415
1709  278
1726  16
1139  603
1988  1816
753  1461
1220  290
659  781
1899  789
560  81
1788  768
376  521
591  774
1594  649
1817  240
402  1835
1614  914
1720  1443
1830  1419
348  1604
1255  1946
1242  1546
555  1155
1407  10
1714  1784
1717  671
1377  1882
609  142
97  637
22  1238
233  239
1143  789
1977  1141
1631  82
841  1343
377  1126
538  1466
378  1495
941  1797
421  361
623  1640
348  295
1740  1884
1918  1550
961  617
1085  1558
1050  1155
822  1776
1828  364
1902  86
1518  1507
1835  1796
1081  100
8  208
1696  1143
1730  522
1012  262
416  271
391  346
1264  364
1231  965
1802  1273
1406  1651
533  1935
1656  1133
1612  476
1563  1358
1994  1679
1354  1504
1173  790
1089  1053
85  1455
1900  1037
124  1405
1640  969
1433  1260
1883  1764
1937  184
1496  1416
407  242
1226  596
1982  430
829  800
496  749
1004  1172
529  674
1014  1608
240  863
119  181
459  486
19  135
929  565
760  1074
1050  1768
581  679
683  695
532  1100
598  1190
357  974
1684  640
1239  1512
875  975
288  217
1092  1555
518  738
107  568
860  1159
1931  165
1522  390
233  1072
1098  541
1994  1395
214  551
430  836
40  1437
266  855
839  149
1138  1277
1695  160
745  1039
490  93
1889  877
722  1788
973  1343
193  1027
1121  1079
593  116
1596  628
1388  1246
505  1757
1195  387
329  874
1573  1688
1070  747
1967  1395
1585  338
1767  1818
1126  234
1312  1032
322  478
1310  1105
1428  809
546  855
304  883
468  1303
476  1542
517  613
1947  800
651  1740
333  990
1152  1203
1935  118
822  1961
270  879
1699  1752
1375  1049
1887  467
1811  1237
1444  1794
1097  628
1027  1534
459  563
1779  863
488  1835
1362  641
838  346
1172  1788
657  990
1518  676
981  1558
1843  1588
1254  1297
449  1381
898  213
1886  1917
11  1853
746  1452
1973  974
119  784
1251  1600
1885  988
262  1185
1017  725
163  1493
711  1878
681  1561
1012  1650
1453  238
1231  649
1780  209
576  1657
914  456
375  1357
507  537
1923  1105
1957  1666
255  792
708  893
633  1541
116  961
1500  754
1031  1467
752  1550
1802  605
1132  960
1674  1739
1972  694
1026  1801
1440  1037
1017  1965
20  1849
1726  792
1853  285
790  109
1320  1409
1056  531
1014  51
1945  1335
456  149
1903  1944
1867  974
1804  1438
843  944
1967  1562
1257  1518
654  935
1006  113
1358  456
1010  943
1158  1957
586  1560
658  848
764  68
1359  1791
1746  411
1218  639
494  1068
776  69
911  1688
1242  816
960  1193
469  391
782  42
203  404
1861  819
336  1794
1396  1846
128  786
852  6
1577  681
462  1258
1880  1400
1688  1925
244  8
1857  139
884  436
1656  995
1867  766
1642  190
1625  1912
1035  664
633  510
1015  798
1046  954
357  1442
1554  790
1071  218
1081  71
327  365
514  1471
548  1927
245  308
1336  869
366  1171
1204  1403
987  1879
1763  439
1488  153
379  618
1820  1121
1140  597
1469  481
1598  678
1598  637
693  1075
243  1183
1270  522
571  1955
221  419
1535  889
1950  1219
1907  478
881  1256
1237  195
267  1013
244  453
773  378
510  3
692  383
174  1708
1031  1823
681  1393
1652  469
245  1495
16  689
1103  1879
307  1629
1669  745
786  143
1804  543
355  1051
37  1688
1993  258
1599  62
1138  195
818  1650
1489  450
1903  707
1412  523
947  1779
1832  1763
715  426
809  1068
1244  1419
1568  1431
1387  504
1029  1492
322  41
1814  1827
1524  411
1562  1062
1925  623
861  427
1232  1006
1923  1830
560  499
975  691
1413  655
978  33
1287  563
1305  1040
1508  131
1865  1108
1198  1460
863  186
333  1634
99  441
1643  178
829  635
676  979
1865  862
531  95
1640  749
1881  602
29  1374
1937  197
1059  986
1967  1446
1766  1129
1628  1757
127  1018
708  823
1090  447
1184  437
1792  1707
1465  1288
417  1102
1627  357
757  1852
1301  631
802  1926
1183  204
719  1199
920  157
67  1725
962  721
1286  910
1527  1051
275  902
262  336
501  440
1096  59
628  1167
788  411
499  1852
1655  140
596  701
1667  190
1429  461
1726  71
1897  1087
1284  1473
1733  1553
752  1433
1142  670
507  1197
1702  176
1133  1936
507  1938
1296  221
1098  321
361  556
1866  482
918  1061
732  1161
502  1104
1185  10
1137  1720
1950  239
1633  1261
444  1373
871  755
15  284
1590  1337
1266  484
842  1559
471  608
1136  880
1057  197
734  990
433  1087
1673  65
1770  1053
449  665
6  1321
1517  762
267  299
57  1552
1362  455
1214  1644
685  543
129  1331
794  117
1176  844
1669  1219
384  643
875  278
356  936
17  1796
1365  11
1993  547
517  84
1772  1443
139  1787
1979  1259
1553  382
698  1748
992  235
955  598
484  1215
905  1034
1939  10
1056  1004
1050  640
1832  450
1444  550
1659  1907
1670  1316
88  713
1657  566
966  484
1014  660
569  428
1923  1594
48  1618
1135  1894
1517  1611
624  1431
1872  925
1870  1844
1596  61
1285  1958
283  1420
771  672
1674  1592
651  849
1171  1889
1431  1300
963  613
178  1086
384  935
236  923
951  1243
171  1128
853  732
188  545
746  953
1005  903
727  631
353  234
704  329
1197  1961
395  469
1886  78
76  1268
880  430
1569  909
577  410
762  860
1432  1248
1365  593
1828  4
828  65
8  1126
380  420
591  150
1324  917
1635  1312
6  1440
1414  228
770  1396
1225  355
156  1770
1711  1856
397  1397
780  96
1597  376
1439  1372
1977  1347
856  1657
609  1521
511  474
48  673
183  1911
746  1166
1457  386
1256  221
62  1093
1452  178
1278  1512
938  1954
1851  550
364  1391
975  1347
1552  1706
1391  1552
15  1482
861  163
708  976
757  360
888  1658
1803  826
1831  1632
1017  977
807  876
36  403
555  630
323  1532
1119  256
781  479
718  1221
1632  1711
1434  326
86  923
1183  297
979  650
1392  1327
381  524
1050  981
134  944
847  1866
1217  1771
954  563
1323  1909
963  1040
1108  776
618  1960
276  1388
1080  1002
1477  1638
1705  158
826  1563
802  363
4  531
430  1167
1321  153
742  446
1575  530
1030  1480
1574  2
1199  646
496  286
1483  434
237  1992
1588  1230
1808  885
223  621
1768  1611
1385  154
606  304
474  1177
1129  1020
1250  1807
719  1540
1560  1163
535  962
185  410
1916  1152
1880  58
823  320
159  1803
848  1347
468  566
961  306
699  512
1822  483
1758  804
893  395
137  800
78  833
105  1814
832  1221
358  704
143  211
329  1100
1861  240
265  1795
1989  1274
544  1621
1862  823
1885  1395
34  1572
257  1213
1079  646
516  1453
595  131
38  1642
1063  256
207  91
143  872
1530  1141
321  577
794  1054
1558  1920
1462  1069
1759  1284
1750  1742
1650  1165
263  524
1005  521
1638  1645
857  941
1102  439
1850  907
1558  632
1308  1157
128  196
438  368
1321  1018
589  907
1312  339
810  1230
1199  470
947  854
1977  1467
1837  108
184  1929
769  1073
332  1050
1958  1277
998  1698
341  1166
1999  1200
1061  1228
230  1444
1483  1772
1833  1301
1444  60
1855  96
1318  74
633  213
665  1895
1025  1071
266  1396
158  942
1815  1528
1319  344
1369  1455
1770  891
422  319
353  315
1464  1253
1642  1195
1717  797
1056  315
857  1919
1509  684
795  199
31  1847
1317  258
564  1988
1940  1498
23  758
345  461
437  1816
560  598
217  84
854  1272
1834  1326
1114  1570
914  821
1810  884
506  828
211  1205
1733  997
41  1010
1211  1152
1809  1575
146  331
1047  1650
746  741
365  154
1664  578
1485  1747
1941  749
856  1419
1098  798
70  1564
1554  745
1304  278
1489  769
423  1046
605  1809
854  1850
1989  1201
630  1582
1950  1178
1950  1337
1865  946
281  691
631  671
759  1343
377  820
1430  58
235  1096
820  179
445  1158
1406  1272
518  955
1842  778
1984  1298
1539  846
854  393
1923  1657
1223  757
1928  436
1991  816
446  1436
1225  1901
1448  638
482  1222
1099  749
850  178
1847  124
1379  237
593  851
1078  1642
1304  457
1026  1867
13  944
1991  1323
503  60
1198  1325
1092  1545
929  486
130  1011
182  1936
1446  874
1479  1935
1313  981
341  477
1566  817
1947  1836
305  1632
100  532
399  1950
720  294
1213  324
1267  1780
941  763
751  470
1002  1186
1546  554
367  1379
892  809
362  1656
555  1977
737  1717
1686  1851
1315  745
17  1573
1895  673
1913  749
513  1129
873  1254
1810  1020
804  1069
1931  1843
129  1077
911  337
361  93
10  328
1088  1390
692  817
1966  1096
1621  734
861  1033
476  1090
1712  687
1224  1258
1787  6
1432  474
1148  124
498  448
419  1627
769  732
1150  765
1426  1091
59  725
651  756
878  633
706  14
366  860
675  1834
944  1845
1523  1332
1531  1260
1463  1975
480  1001
1109  154
1268  411
1021  1220
892  1882
1905  728
1763  981
695  1887
446  484
1554  322
1092  390
1036  1031
620  965
1231  1630
1780  336
959  448
753  166
663  438
150  1569
1385  1225
641  1020
1782  908
1163  33
876  461
209  119
942  764
1360  1529
639  1435
1276  1647
607  851
868  556
118  1948
354  1480
689  405
662  1200
1669  1427
1074  245
436  820
1057  895
1283  654
1372  1372
1958  714
1773  1852
1158  1350
1237  942
309  1031
1143  1803
228  1363
1363  777
1152  1125
608  3
573  29
1828  20
1114  1321
965  1872
186  1743
1133  463
550  1514
1950  1651
1899  1941
227  392
58  357
467  455
1336  1913
1786  1592
1713  979
626  816
1834  808
1054  1947
1755  1779
1306  1453
1116  232
610  1338
1743  1260
656  951
335  403
1859  619
366  1089
1733  1026
1528  1613
557  1120
840  654
1762  317
41  1009
379  235
551  1544
753  1398
638  832
732  1827
847  1510
164  1205
1440  714
414  1785
1517  1928
1226  630
389  158
1055  1481
32  759
133  1529
69  1750
1918  1842
1819  1497
480  880
691  1997
1386  411
1764  1392
143  943
1883  1409
90  1512
1730  1623
415  1958
754  1376
481  1207
27  1777
1761  1067
210  1859
1465  1322
1427  531
1667  1368
193  168
1426  224
57  871
386  867
202  1749
1380  1965
753  1087
955  1188
1156  1703
1109  1092
1877  238
1733  1367
1027  669
198  618
1905  16
468  194
1961  341
856  1136
428  121
984  1857
262  913
1007  325
543  655
1346  423
415  1029
176  17
1028  1761
335  59
202  1952
1079  323
436  1234
73  1615
1660  1614
1279  839
388  986
244  1761
37  195
1413  740
1826  130
407  379
1453  744
738  909
1098  1274
609  1643
1200  584
817  121
363  73
172  588
1839  784
1521  5
1749  1069
573  1682
486  1226
1285  382
1914  417
1271  1350
1168  183
439  464
1232  1335
229  865
702  239
857  1656
469  960
19  323
840  102
1258  481
833  103
718  355
1773  337
1943  1546
1011  1825
1339  1943
496  1665
251  412
429  1268
845  1986
1040  1713
17  1245
917  1045
573  1035
339  1026
1286  664
26  797
298  1688
602  1162
554  138
1859  1929
620  1346
1047  28
1790  1418
1077  867
800  1427
1060  1960
1090  1674
1605  1497
1631  526
1836  795
1532  797
1161  330
136  1327
1147  1645
632  1822
702  192
1157  1824
1325  28
472  594
1262  623
14  1189
7  1954
1468  93
131  595
1319  671
1791  533
910  1975
575  1957
104  181
18  130
1894  1176
952  147
1289  233
189  1642
420  1416
1288  364
525  1999
1278  241
1858  58
1989  523
1704  1077
1082  277
1051  1062
1040  1136
1631  593
265  804
1501  246
1105  450
372  1439
1461  1556
1127  1778
1142  1063
1670  1849
435  1529
1805  1535
927  1068
420  824
1046  910
807  794
15  1382
1122  684
627  1026
403  1976
942  1568
1683  1633
964  587
1329  1272
219  154
1251  1941
858  280
687  314
1834  1853
1771  1847
1370  1658
602  994
766  843
1875  1533
589  1674
1787  1300
1502  607
1070  1920
1558  482
783  1139
652  577
1184  1597
1003  1241
1976  442
354  1923
700  1167
1970  780
55  472
852  604
336  472
1166  85
1276  595
383  886
1976  770
186  462
1147  477
1582  401
1515  853
1142  1454
1001  565
322  307
288  1450
1494  367
1436  926
1779  60
611  1614
207  1255
1164  1779
199  537
161  1285
649  1269
216  687
733  189
223  1436
1717  951
729  1908
1507  1559
124  136
1653  404
1208  1196
1653  985
930  75
295  560
392  241
1121  302
1677  627
1528  1058
1518  1433
29  1423
131  1792
1743  1621
1797  177
926  204
1573  1031
1141  361
744  217
1126  1952
1934  1560
1262  1774
456  1498
419  1886
0  495
1425  13
482  282
1229  1702
781  355
1276  1247
244  1448
1408  706
267  210
604  516
1459  1310
1422  1673
535  295
833  672
1568  1540
321  1538
1349  1352
737  138
715  729
1041  1495
1191  541
465  1669
517  1699
954  1729
48  1588
184  1114
1637  1833
1978  326
1175  507
222  1956
197  1613
1351  571
505  1065
1911  1161
946  1815
1514  1097
1110  268
84  1549
1398  1835
939  618
708  347
1453  922
1040  1509
1485  959
456  540
592  1221
920  55
166  263
1854  274
643  1966
1464  1801
447  1090
368  764
1269  585
1932  1867
528  813
1885  702
1159  693
447  896
1494  353
533  491
309  1142
661  1674
212  1621
105  769
409  1520
1279  1860
346  637
1996  1701
906  1565
50  224
138  1115
725  710
393  830
660  1498
1724  310
1072  1831
731  1196
1559  287
571  212
1206  915
850  1360
1001  484
1280  206
564  866
1517  1407
1001  1413
364  1062
1104  277
216  586
1811  475
1839  365
757  875
270  541
1165  514
677  646
1583  1876
632  1046
1081  401
1828  1712
1624  1203
321  368
30  405
1680  82
870  924
1956  1044
1004  1437
266  1806
1269  252
553  1141
485  1764
1056  1632
720  1396
489  606
1174  934
973  379
691  684
607  1189
1107  1809
1848  1054
1824  1697
1773  1936
1142  444
257  177
1097  1847
1113  232
1099  92
926  1137
1692  186
865  275
107  1572
608  1890
1608  900
680  1845
74  283
571  364
1630  1122
418  280
861  1088
251  1798
1075  1327
1941  247
500  820
809  1777
754  1163
1961  1896
1950  1001
89  1374
373  1918
1105  395
1859  1340
857  849
1827  842
1874  665
329  922
931  41
1183  1090
3  601
1102  349
1028  623
1613  422
671  837
12  1600
1160  1448
206  550
1603  1525
1289  1355
1296  1037
400  1931
1855  1440
386  819
1074  335
919  1009
262  31
1601  866
614  124
1360  731
13  865
1125  1497
1605  877
835  169
686  557
68  1100
1076  1136
1219  627
788  1876
971  365
274  1997
9  1970
1846  1639
1288  355
1674  846
556  150
1055  469
662  195
1689  937
1683  178
424  1718
195  1413
1787  1352
67  1310
169  1180
1038  1840
388  202
1660  1679
1878  317
1902  469
663  278
1119  1510
569  1687
957  1765
1356  20
1810  1055
1403  475
578  561
1239  1695
26  1030
766  866
425  1326
585  1156
174  1183
1871  1437
133  170
423  465
999  118
1312  521
770  1429
1390  121
1634  1456
1750  428
1761  77
1719  1811
50  1275
1990  380
387  1361
291  1468
1325  1280
1897  1046
1254  478
89  12
82  4
7  117
1877  445
1499  1515
622  436
180  1164
1991  1148
751  1645
1843  1318
1162  195
1647  1701
59  512
1504  1146
715  1039
1380  1706
1435  495
304  155
1493  1735
1013  971
1474  1479
1616  1473
251  1042
636  395
1809  1421
1920  652
862  997
1151  1911
312  1524
1189  185
1870  148
784  1492
1656  1538
14  1903
135  1889
1015  1035
1149  139
599  1567
581  1622
51  1689
1573  290
1865  715
1593  823
735  960
1688  696
1644  1729
317  1809
1792  287
1269  1372
353  504
715  553
1753  1891
1581  916
155  0
1395  507
796  1921
709  87
1475  1276
583  1646
1000  1715
62  1837
595  1757
924  819
1768  916
1014  1588
289  1728
1208  73
1890  1577
177  516
1630  1969
827  513
1034  871
678  1478
1100  1703
1606  977
1431  53
1175  1126
922  1382
153  1308
628  1281
815  960
1486  670
341  867
448  1723
427  985
1612  869
1827  1171
1236  502
702  915
1943  1990
287  681
1220  908
460  506
928  1005
1913  607
1763  955
77  1056
391  890
1741  1122
589  915
483  1476
1861  320
1884  410
1717  590
760  465
514  1612
1693  879
205  890
40  767
1398  1259
174  324
1954  1386
1248  1764
1041  901
932  1913
1756  295
1833  716
14  237
1839  1349
558  626
841  1414
1278  1266
661  1690
1123  1939
1710  1800
138  1869
55  972
506  756
1579  267
1038  1069
1339  1415
200  1128
360  1642
861  1573
1915  1505
676  272
974  1369
1285  165
975  1518
268  1320
769  640
875  1230
1020  552
530  915
1981  262
1561  1695
1676  1494
795  896
884  715
139  947
896  244
671  1474
682  1891
898  1759
243  1670
310  1496
1565  820
1797  560
1818  1012
1101  1142
1745  1285
931  1203
116  675
474  1965
1705  118
674  1468
1935  857
1644  898
383  745
1451  1719
1016  1177
1337  317
1467  357
1151  567
1623  1285
462  1394
1143  667
1764  1645
1286  1805
1841  842
984  1267
567  1153
661  413
1226  260
338  1367
1013  1502
723  1834
1485  1438
1322  239
1624  211
1014  1922
1428  916
1662  1791
139  1888
1788  370
1977  1871
1029  1446
503  1376
769  1966
431  1362
292  1785
1510  279
1117  255
139  1307
983  1141
1272  1495
384  1147
1272  226
953  1935
1875  1886
696  594
341  1561
509  1990
1758  1454
1392  376
767  509
188  214
373  1400
919  989
964  724
181  1955
1794  290
533  939
19  1615
730  332
228  1271
1489  1799
51  1242
1412  212
1094  113
1229  1812
876  366
1735  534
1700  30
1621  1922
734  468
1050  401
1033  1050
1729  1781
960  214
975  1467
77  1390
1062  1977
1370  856
1274  1903
1420  556
169  106
1450  484
968  1051
1455  1931
483  711
1974  211
1030  1582
99  481
457  1968
818  1800
558  565
1661  1086
1335  1917
792  611
1826  1168
1519  1876
1847  1527
251  957
1324  816
1880  1880
253  1129
1871  531
742  1782
644  40
637  1334
780  1217
1331  677
131  306
399  1808
112  1221
1464  263
653  1092
655  848
326  1453
102  127
1619  1564
145  1150
1140  1038
223  1820
808  1711
1577  1348
727  1694
958  1143
993  1082
364  614
579  945
646  775
1392  180
1681  469
833  591
1489  942
1380  1018
1395  1218
1876  1073
1817  296
1292  730
182  924
1696  1664
4  1454
1014  1734
1251  1300
1318  456
353  1695
1974  802
1596  112
1157  1976
1892  654
691  247
1010  1997
1075  259
223  1809
353  1042
141  474
1994  277
1776  1780
1312  151
1760  990
1156  1202
318  542
209  424
1314  1711
1754  627
54  665
1838  824
1772  1702
745  1610
48  111
1083  721
370  765
147  981
1806  1653
1930  1967
1138  1850
1540  97
459  1539
1599  1254
688  743
1498  1278
873  1651
355  1195
450  631
1716  662
378  1781
170  929
677  780
1744  1025
1199  1272
435  1595
1891  1651
1154  1452
1245  1970
216  1334
1038  762
664  1276
1462  1066
553  1093
1677  612
925  410
1988  537
1206  1942
394  1424
1396  973
485  1271
879  1999
1175  1668
1876  1862
680  712
1765  1620
1342  1827
1452  1833
144  992
129  1203
23  1755
617  1760
1169  833
1613  457
324  1580
78  535
1877  1218
1049  126
99  663
1366  383
1481  208
1415  861
505  861
43  1352
723  407
471  1247
1021  1665
624  319
1347  1058
445  1994
1268  67
1996  898
1898  1812
1083  1721
861  871
1280  510
1413  972
1477  773
1484  34
469  978
1592  2000
778  1456
983  447
1912  137
635  1619
1351  1328
350  738
1309  1254
850  1686
322  926
1276  1600
1745  429
811  1710
131  348
919  207
1614  728
548  402
1191  1924
228  1727
1566  1903
801  1194
1014  1519
1947  431
1340  1096
1345  1237
1138  359
1668  440
1059  1392
248  1302
544  116
1843  1138
732  1970
1824  444
798  766
1022  1779
223  440
1956  414
1026  1635
1250  1762
669  1678
811  910
1828  529
1107  1013
626  399
250  1644
206  1797
795  615
960  1829
1470  55
916  411
1706  889
659  1308
1538  1573
1732  351
1265  1802
1989  737
1723  1460
427  1973
1734  888
320  687
1978  837
1663  1725
181  393
817  1931
1721  863
1161  1261
1993  1016
1244  1408
81  1514
1652  1749
77  102
1691  1426
1068  493
620  79
527  339
1282  1172
87  1036
1448  246
1873  491
1020  1954
1028  1442
42  325
1578  1285
72  1928
1931  1037
404  1547
1833  1133
810  799
336  74
1678  1654
1461  1126
1823  853
244  416
1240  49
518  892
1044  98
974  890
1079  1997
907  619
569  970
862  1276
1686  1600
119  522
1348  1457
754  1778
659  1830
1619  101
1865  144
161  364
1227  460
507  1149
1342  1021
358  1932
723  433
37  1775
1107  818
1005  1884
1023  806
513  616
1036  893
891  1211
1121  2000
279  840
360  37
429  300
1700  1405
1427  1300
1584  1871
241  1631
1565  303
134  614
1084  915
1442  59
1967  260
1588  1418
82  509
1427  1120
1580  982
531  1100
1331  1962
563  699
772  1979
1540  595
29  1093
1248  378
1460  913
1973  1089
986  1300
671  1365
1210  1420
1653  27
1775  1582
1593  1662
815  1771
1103  1912
1594  1746
1478  207
981  1547
549  90
1079  644
1204  509
1239  1310
1560  1709
228  1784
1797  1298
652  242
938  1269
516  9
40  1304
1923  663
749  538
1122  363
1368  1895
881  705
1768  1000
137  1577
347  649
934  1104
323  513
1628  981
1748  1140
1189  685
485  1627
1931  487
1315  1116
375  177
318  352
324  378
793  1207
1086  429
55  1551
1091  1905
1441  1757
466  1505
590  732
1307  1725
125  794
687  70
742  1795
210  580
153  1053
1450  436
550  1326
1537  1830
1161  1653
1065  603
1886  957
651  1818
832  850
1279  1740
1661  731
1492  1636
1380  1798
1431  330
534  1500
448  492
1949  1763
1456  1489
1256  848
514  172
448  942
1622  978
1443  650
10  1594
1335  877
80  286
117  569
1335  1205
672  22
1913  1335
1915  666
1688  859
1223  385
1272  934
976  526
1027  1199
884  1068
1143  498
360  1916
515  1311
1186  379
1901  1030
183  1310
466  384
1867  914
1212  1959
1146  1754
1424  1384
553  53
1941  171
1697  110
1706  916
1190  832
1465  1143
1724  1666
1811  1638
1459  623
154  997
1813  1372
631  1262
1256  94
4  1149
1195  1501
1039  153
623  601
630  1910
1469  943
1753  589
1139  877
342  1816
1287  1082
1544  473
948  488
1433  1732
215  600
1314  1997
1864  32
1136  647
1190  538
997  101
659  468
1215  1643
1286  60
1593  161
1446  1250
899  329
1217  336
1323  44
109  1043
451  1615
259  1364
736  69
634  986
881  636
1191  1386
285  1752
1979  1067
1007  1441
136  494
1464  493
1192  783
941  1882
799  419
1475  262
1577  961
1906  1285
751  272
1  934
1113  736
829  1614
19  1431
2000  392
228  1193
1083  1553
1207  397
32  1891
1971  1693
1427  416
424  1101
1091  649
501  1172
612  1388
734  1697
1473  534
1922  1805
5  489
509  501
1751  1565
1304  1783
780  322
250  1965
782  313
555  1202
340  232
1007  263
759  171
1696  836
1931  278
230  434
1022  1884
419  1585
613  1454
893  1422
454  257
1284  1438
223  1493
876  642
511  866
1196  1110
722  1166
549  1715
1477  1022
1818  1144
532  43
1942  228
11  1016
514  834
474  1990
694  1425
727  914
1383  1431
651  543
1051  1117
1281  1082
194  988
930  1523
1274  1196
1373  1779
1040  678
738  139
205  1190
999  777
1438  1932
1060  1094
1214  512
802  1537
857  787
1269  1939
1889  1275
1208  1025
871  1648
1076  307
117  903
1136  600
127  313
1290  1455
262  1282
361  157
1162  1910
1049  1602
182  1581
1694  618
988  1642
574  1145
1632  743
651  1880
1610  356
775  1749
742  578
1590  1258
1546  981
6  653
682  863
160  636
1398  1097
135  569
217  1218
104  1841
373  1013
567  1907
822  238
928  1837
1042  780
1915  754
1470  1686
1863  1539
910  1010
1577  123
396  1179
788  1310
411  412
309  394
1470  310
1003  159
1298  535
171  315
329  1692
283  1387
1472  135
1909  422
693  1068
697  1737
990  235
37  571
1903  1353
95  354
1973  624
1042  1990
1566  1929
647  900
439  1068
1206  1334
156  489
1050  725
1972  1872
1643  1170
99  866
360  1976
714  498
36  1826
295  477
71  1537
471  887
1384  296
1975  1003
273  1758
80  1883
737  1164
1611  778
142  1743
421  1459
262  765
1310  59
394  940
1560  1627
130  1047
1331  1974
144  148
1460  1859
1298  1491
1992  1215
1676  866
1387  208
281  1538
1144  1164
1714  842
222  1127
1444  183
1751  617
1211  1904
1888  1637
280  737
1158  1047
111  588
1231  728
1948  212
1535  793
1135  1577
1320  910
807  392
1420  1698
712  1118
1611  844
1085  428
1975  123
1013  307
127  1340
880  692
1043  1958
532  1251
195  614
531  596
179  1592
1476  1020
1123  1837
1201  1006
69  1711
458  1018
1117  518
136  1642
1063  1583
1648  396
141  340
1555  1847
41  616
948  979
1531  865
1626  211
1933  402
1801  1741
235  771
1259  1723
1345  583
249  643
529  1095
1063  354
493  1885
1022  656
859  1693
1321  482
1372  171
290  399
102  1399
1185  248
1760  419
1251  97
979  290
1  1725
13  405
305  1279
438  1172
1304  1515
156  56
1329  601
969  1400
397  1483
561  1831
1860  859
1282  1043
1844  1693
1985  1511
862  1086
692  828
368  916
1523  1979
1188  1432
1597  1838
1645  1517
17  385
1487  229
1461  800
391  590
1314  1376
1315  846
299  1464
1094  913
1718  1822
1746  786
683  1429
1759  838
291  702
794  664
1910  1954
277  1501
1145  1346
1258  1200
1788  849
1222  1378
1999  1961
318  1329
1157  585
469  1518
1865  1355
1057  47
713  238
358  587
1958  1030
1928  1639
1690  952
622  835
997  1406
1913  317
571  1395
1987  171
324  279
1359  469
534  130
1016  1610
1399  1261
827  1062
1196  739
221  573
1309  337
435  48
1081  679
1353  1382
800  133
1106  1463
1755  1890
1898  902
1890  1985
127  1567
919  817
1721  852
1948  1633
1699  1683
1584  1366
611  1098
1874  993
154  1103
1821  1698
419  1812
1437  302
135  323
1679  1694
1065  1249
431  1508
1134  1165
1505  1704
896  1697
749  1371
160  1647
996  746
1326  1019
594  1277
464  1194
1726  896
1088  144
1504  1411
1829  913
245  1156
784  956
69  1902
332  549
1116  742
439  1801
1339  1681
1679  150
1368  336
1598  1387
1028  123
1153  1075
1124  320
902  1970
547  1423
1525  1375
422  387
1933  776
767  1100
844  504
530  450
1513  168
722  1456
195  1498
109  1316
1881  953
619  1229
429  1518
671  1897
816  1361
1631  327
1000  147
1100  1883
1651  1669
721  1501
764  892
1702  2
1888  863
953  285
538  1025
534  1211
1519  1847
1188  30
1351  509
1917  161
1627  1605
227  1521
880  390
1939  0
16  358
430  120
951  1806
20  435
814  731
311  119
119  1399
1771  1033
1615  414
1494  834
824  335
1290  188
747  1418
1002  1135
845  681
506  72
1606  792
1073  1924
399  419
663  1388
1956  1549
1107  365
350  347
119  118
841  353
902  316
770  956
654  1209
1923  280
1980  1877
1312  357
1567  609
925  253
1480  784
836  1073
412  848
252  1270
1399  126
1091  98
1134  1525
1177  904
1057  79
570  130
356  1967
1800  1470
292  716
1478  1941
170  70
688  651
163  1492
1689  1578
372  1238
1107  1420
317  908
1775  153
1770  1830
67  1388
409  1450
1859  1295
331  502
325  760
1420  1866
250  1439
10  1764
407  859
1666  841
163  1627
1763  153
572  924
1866  119
448  670
1531  1796
37  911
25  463
631  930
641  448
286  387
1235  1949
1631  897
402  1786
1925  133
544  121
1975  942
1085  1670
1683  210
1131  521
1527  222
59  610
1537  331
28  515
825  1799
1  379
835  835
1968  1305
59  238
1291  1690
1075  1980
132  881
1678  249
1631  392
384  1192
29  980
217  594
44  132
808  1551
117  914
246  1719
690  648
1099  1725
776  1588
163  1156
697  461
1335  118
142  352
1914  1604
1002  511
1831  712
1537  1653
745  1710
652  134
1975  1828
1183  1167
1518  694
1967  1237
1959  1808
784  1344
1821  676
667  1019
463  174
1368  1634
831  1870
282  1263
513  375
1050  1715
1490  1091
1643  1806
1839  756
1308  815
11  23
1370  1804
1183  372
1109  1159
1114  1846
817  5
1316  931
1645  141
155  1241
1031  346
633  920
859  1457
1828  1330
1896  326
1891  1465
1999  53
984  736
683  1671
232  918
1982  1735
800  1927
1169  1332
161  1193
1542  698
1797  764
1971  1080
1826  1129
787  1785
1960  932
501  1459
266  1017
1991  1041
618  888
1742  1680
1500  78
1430  1890
1425  623
1296  513
1004  1799
952  1028
518  1086
1817  529
347  820
1273  1746
875  1547
1312  1610
64  739
1943  668
1740  1287
983  601
1393  476
1212  1871
1070  1509
1028  168
1322  219
930  34
1161  958
1245  1605
462  1700
1023  1868
1864  696
125  1270
225  617
712  1410
231  1510
1493  592
1825  1087
1548  816
784  1849
1542  913
761  203
361  582
1271  1512
1277  161
1838  958
191  1780
1309  1452
945  107
665  1409
1430  1172
172  849
480  316
276  265
230  1471
1860  1663
409  1802
1017  1486
663  1717
1244  1112
1169  160
438  1568
1869  310
1057  362
1746  1638
531  472
687  1745
1607  1102
1804  1078
1857  1165
1243  1996
1997  91
902  991
1219  503
1888  1601
384  810
541  1715
288  1882
935  1197
886  474
482  1960
1895  418
1929  254
1981  1136
1068  336
1856  53
11  211
980  1093
953  1317
1731  1076
53  82
153  1121
1369  1482
370  1675
1705  779
1382  953
660  1461
485  1644
1181  520
575  356
1900  1988
1624  987
55  1102
1480  1774
962  679
136  1073
1148  192
774  862
1099  912
69  1385
1829  1398
1442  1462
1675  866
81  1929
419  477
546  94
1711  556
1197  1756
1047  1829
445  357
1032  503
208  1696
4  459
1605  353
489  1889
1706  1854
991  1543
980  661
898  1022
1920  13
1444  908
671  1957
304  356
401  550
342  687
72  323
478  1892
1256  1436
1471  1334
1439  219
1634  836
1427  828
10  1201
1029  715
261  873
1774  462
766  225
750  205
704  287
1475  1416
51  721
1376  1283
947  658
1751  1033
1038  299
1506  32
904  1331
74  68
876  1573
608  1517
60  1477
1329  1216
1678  1509
1539  708
473  1599
1403  784
785  1551
1573  1675
647  1626
1480  1003
1388  306
500  1974
1398  1684
711  1141
592  423
1623  225
1500  1271
1899  367
521  1915
637  625
864  1713
1186  1055
542  5
1775  1097
1082  1598
1815  579
641  1523
1290  1467
755  378
661  32
79  1535
1873  164
586  1695
1749  71
260  773
1285  144
1133  1751
1362  1065
1632  615
1650  381
802  1027
1462  1538
1008  1250
1213  433
1308  607
1654  1852
1360  1747
1481  1642
281  925
1367  1729
878  1404
844  1960
1519  524
1224  784
396  1009
864  256
1556  1413
550  731
522  284
1152  1249
1243  1477
1593  235
874  1601
159  1899
1096  920
1719  1274
1490  336
91  93
1891  1902
759  441
976  1382
1200  1481
1438  1015
1163  1511
446  1520
748  1337
82  1983
1203  342
593  1441
1136  612
535  555
486  278
1538  1411
214  1616
1734  216
1594  298
712  1040
1986  1907
1087  541
411  1889
1368  539
996  797
1579  917
509  1483
876  1257
1994  346
1967  879
1395  1178
1093  981
1849  1755
1403  408
1911  1922
461  347
1305  1258
1496  225
1248  1702
1042  1472
90  982
681  1696
1349  1253
650  1248
1891  155
1490  990
1991  1334
1318  715
57  23
1344  1921
1379  557
1664  692
1299  404
1481  704
897  241
1558  331
704  1373
1227  1157
1973  1750
1291  220
1487  1475
477  1386
1876  986
1917  102
738  465
1677  989
157  480
1332  346
262  579
1667  1896
1736  501
874  1534
1598  1008
1239  329
1502  240
1968  1986
1126  1177
1340  82
582  1327
1444  1155
404  945
702  51
1480  1884
1652  980
33  1977
1126  47
171  773
1685  1850
78  437
102  156
1563  1667
232  105
1075  750
1397  825
742  142
708  945
47  1874
971  1685
1687  882
869  1695
1823  571
1759  1351
1093  857
1250  1439
889  473
957  1415
1477  1515
368  624
1154  1997
1248  1257
153  1975
1525  1945
1492  643
488  1156
845  460
1785  905
556  1626
1837  1347
1903  1063
1643  1448
675  1968
602  999
114  30
695  514
1683  718
811  263
1878  1175
835  1277
114  1054
876  1335
964  872
1593  1234
571  1594
1549  1989
589  1299
1522  1752
660  1760
590  1143
263  1028
815  346
1977  1564
1660  1609
1129  1991
1624  266
1746  1317
812  1697
1157  777
1979  390
1469  639
365  1549
1402  1499
639  419
520  521
1804  343
1437  1534
222  438
164  1214
1797  1697
920  529
1982  1828
411  1962
261  847
1078  1684
639  382
1007  380
610  941
1861  1581
41  1167
1396  1694
1600  1711
1741  112
1652  558
1696  1327
1763  218
1204  6
439  1244
1549  264
1934  1129
326  1828
1635  49
1548  1654
577  565
564  1231
1248  252
513  742
1907  1051
1091  1364
542  99
318  1466
1439  660
761  973
732  1513
863  1118
377  1953
1436  970
1062  810
1185  398
395  90
1895  860
204  891
993  793
526  529
487  1551
1116  1237
1538  673
1483  1818
85  1814
53  489
1470  532
1370  358
1853  1105
28  1381
596  1722
109  1157
659  214
266  571
848  1985
976  1226
1362  308
1185  611
298  1795
818  977
42  1208
1010  1648
1691  797
295  790
1798  1072
484  255
1792  1799
1320  375
729  1653
1666  1283
1816  239
1994  1190
7  1129
1826  1068
1818  1082
1315  1167
1344  868
467  1095
1161  1970
222  1726
550  1254
1039  917
68  392
517  473
967  41
998  1032
232  1453
916  1455
646  1679
781  1661
242  47
189  1596
94  1996
1242  574
14  243
432  1016
1392  1545
619  1391
1039  1127
460  1070
352  1981
254  985
1608  1528
362  421
557  1911
1009  338
1331  1073
1671  580
1900  1834
87  1132
899  1050
122  764
831  1751
189  1603
661  994
1460  1654
1827  606
114  1361
162  1549
302  383
716  1167
1493  234
732  70
82  1225
419  434
1312  109
789  403
1071  590
106  408
1208  509
252  556
211  1924
366  1747
1821  1779
18  1940
137  938
448  1253
1699  1761
1838  750
256  446
1114  935
1480  1702
309  1605
392  1662
1945  1742
439  331
1745  1928
1699  1542
910  296
747  170
415  1120
1935  1355
593  1822
224  703
988  475
76  1415
575  491
176  417
403  1644
1936  1241
137  1703
1503  256
812  1307
959  1267
1858  705
237  1523
739  1946
1924  189
568  1721
1401  1194
195  172
1719  300
206  1290
832  1319
997  678
1960  1998
172  214
518  1473
1423  798
28  185
579  414
1840  357
243  389
1216  30
1927  1589
495  1720
1553  197
1760  1258
659  817
1927  996
799  943
1789  1897
226  1801
1813  133
1268  1979
1530  211
1562  1655
1046  926
1840  699
1135  1211
340  1653
1645  1064
1113  609
1498  1575
1987  743
903  894
716  1200
1255  683
226  635
1239  1015
1865  117
1892  1521
1834  1753
1709  1397
1770  1119
352  360
53  898
1257  1389
229  1479
1119  407
59  984
845  1918
577  1726
543  1532
492  388
834  1523
339  668
424  1393
1068  1496
1381  1272
1436  1380
1883  1864
1929  447
1910  1305
141  1839
934  266
1610  725
1760  1872
134  259
1010  959
1078  256
174  999
845  1266
1286  883
886  810
857  1176
865  754
415  651
1069  58
1164  1680
1331  1144
1850  20
156  1195
874  1772
1497  738
440  95
1058  534
346  1044
979  888
574  1660
154  1788
119  494
1281  187
1360  1286
1546  1524
118  1812
504  546
733  1734
1555  418
921  1405
1489  84
351  1836
1400  1150
68  137
207  1514
572  973
414  150
1070  1006
320  307
205  1738
1139  628
847  570
414  1232
1037  292
840  4
924  1009
1387  1446
171  1646
655  767
504  522
1796  275
1170  813
1238  1110
141  1014
1383  1674
92  327
1035  692
1814  1810
392  119
875  1243
928  816
721  1575
1038  1517
810  722
1950  1888
1903  42
1946  255
589  157
827  589
741  1247
303  424
913  1805
1734  1991
1284  535
973  910
1165  1799
1975  1749
1544  396
1451  162
1052  1739
1323  779
1266  1757
597  1395
1257  298
267  1040
1565  328
334  524
791  1083
1427  1406
1600  1558
1619  267
571  682
1558  1145
431  1914
1563  994
226  396
569  801
1700  372
944  335
872  717
172  464
616  1318
1976  1776
412  327
1227  1152
1083  918
1054  1283
1841  1389
1039  314
392  1169
1966  1296
1163  1591
1816  339
1720  796
867  788
225  986
1348  89
1063  1167
1442  1190
662  539
1823  682
991  694
179  926
1292  1746
1337  583
853  1574
53  911
1353  1082
944  630
735  1666
1003  479
231  184
1973  486
1239  1425
1311  911
40  484
998  619
917  1905
1597  125
172  1796
1175  1158
614  360
1085  1505
461  304
1563  1942
614  1052
962  48
538  566
147  1353
17  1472
240  199
1040  763
361  915
104  1062
1922  1534
1337  1907
58  450
1621  1141
1326  724
348  1037
1293  408
857  1916
18  1460
733  185
9  36
707  538
1366  1467
1169  678
982  1435
1652  668
1278  1706
100  731
1278  1916
410  185
871  1080
1735  1288
894  65
1503  671
106  788
1173  707
1743  1538
1314  935
1568  1686
700  1567
1021  1751
828  793
639  936
697  1092
223  712
1175  976
869  1423
1123  1435
1961  749
829  870
1690  448
1396  664
1454  1713
1897  588
1253  761
1541  1427
1713  548
1541  1350
1381  644
1515  429
1594  900
611  711
1921  594
274  935
935  650
570  622
1144  1491
857  1826
1667  1289
1346  690
49  1645
278  1909
9  932
448  1040
1730  1884
1130  792
505  1589
816  914
1633  387
1250  1104
889  726
1365  961
533  1844
1738  709
1779  12
562  191
243  1056
1697  315
1048  1540
1661  1411
1419  451
1987  1299
1106  15
751  906
217  368
566  876
1302  797
1082  954
1488  1199
1124  873
1962  1008
1831  976
1177  691
1966  1699
457  695
1182  1030
1584  1894
787  1712
264  546
342  584
587  30
230  1100
1461  1466
655  1473
517  787
215  646
961  1129
1192  143
1925  959
1627  1979
134  63
426  20
498  582
1877  1121
1852  322
649  1769
1392  346
1309  83
1119  1618
1521  809
369  1621
1718  92
163  1682
872  1608
107  121
1697  1789
1022  1493
1127  1529
1401  173
989  89
1680  1696
1693  736
790  864
652  929
394  1434
1626  1968
839  1464
1059  95
934  216
77  648
1641  1661
819  1327
138  148
1303  768
1370  329
212  572
673  1940
1312  723
458  1157
847  1865
475  259
1971  1779
784  721
1488  1965
1792  17
1209  655
125  1255
297  778
906  1135
1424  628
336  361
1481  350
97  1536
550  1983
34  716
755  1699
1661  1621
778  512
1953  1082
1617  190
373  466
1098  1566
373  235
459  662
385  528
542  1078
1354  572
1721  1222
507  467
821  194
1849  526
1747  412
442  126
21  237
1007  1315
303  513
1892  1839
115  1361
1965  251
850  1011
914  853
1018  1377
392  726
1201  184
939  332
1197  1501
547  408
1602  1575
381  307
1803  1846
1642  1499
1313  1466
1514  93
518  952
568  384
1347  1693
1415  260
1429  1713
1617  1039
174  1518
1914  1279
1262  541
371  1767
1226  203
918  1752
1848  1326
1261  567
1321  30
1066  527
1784  363
1423  1402
1019  227
704  975
1737  1366
82  518
330  805
1214  1404
708  1814
182  862
1939  677
1317  849
1571  443
1353  1157
1477  246
371  178
632  323
553  172
1914  360
1718  457
195  1729
148  1780
134  780
1205  863
505  128
1241  677
1092  399
1112  1029
978  1602
413  1475
1833  924
1246  1167
568  441
1561  1009
988  573
604  588
1361  282
901  185
868  668
64  927
1309  1706
907  835
839  203
415  264
1757  1563
1927  1274
1262  1653
1913  1611
168  1080
1809  891
187  554
1916  1548
1276  1574
839  975
23  541
294  169
668  1738
1551  1780
1141  1853
251  1437
1244  1397
497  143
902  1277
771  403
1876  1942
1942  761
424  1296
912  1774
1469  1892
301  796
444  1082
1321  900
11  1713
405  359
787  1848
1744  12
1632  668
1186  1260
1652  480
1787  1312
1795  1442
1778  556
166  1628
1078  1910
1249  98
1959  1412
630  398
1696  1286
1456  1984
949  518
1981  1269
1530  1801
1032  394
203  1011
1844  257
1827  1503
1952  981
1713  1437
1569  951
1254  1256
262  1645
1534  495
1032  743
1153  1833
1771  918
517  1224
1359  771
1889  679
335  524
1816  1688
1532  1392
1184  51
1645  1951
1725  55
1362  1816
1278  240
1859  1836
602  1738
902  85
579  268
926  1155
1450  1473
766  1596
112  1468
122  388
301  1493
698  1023
858  1898
79  1236
1261  208
1860  473
1303  1846
792  1825
1701  170
384  1563
1518  1858
950  1766
681  1674
119  1587
452  1718
473  416
974  852
205  1517
387  542
162  1173
206  642
896  1956
257  464
552  773
1585  1997
879  1556
888  166
230  1408
1863  201
1517  459
911  1726
572  299
761  796
1434  330
943  1853
577  639
1626  1564
1482  278
383  8
184  985
742  1861
1550  1659
927  7
568  1606
174  186
398  183
1584  1256
927  1869
989  1849
116  1646
96  394
1559  247
1916  1506
954  994
1700  734
1686  1285
13  235
290  100
160  286
1107  1078
34  1834
664  1389
936  1965
900  241
645  773
1275  464
1104  1231
93  1490
1652  888
391  1785
1880  1020
1031  1652
752  1482
1445  696
1577  438
154  534
375  694
1818  699
1635  352
775  1940
718  1329
1920  1034
1258  1713
1589  863
1163  1426
1102  1099
511  686
510  491
585  892
348  923
1188  1010
1376  1191
180  907
138  1895
1990  801
1464  1293
1820  1597
1861  1399
1897  1185
1475  1938
753  817
35  868
1186  101
941  1593
750  1654
1518  96
1773  1553
832  1570
1472  992
1830  269
743  823
1472  293
1361  1009
1878  694
1008  747
1205  1753
175  363
770  1887
1295  1665
1168  672
1931  1435
1436  1309
1916  898
306  1418
703  1832
804  67
1344  1726
27  843
351  165
980  816
1594  1054
1691  652
1242  667
378  1060
1045  1880
884  922
1531  1437
1642  1939
628  136
1405  1815
1100  1730
1597  15
834  1797
164  1085
1371  1722
798  568
1303  1462
1891  1338
1857  1882
1582  785
817  624
1495  39
1351  1293
794  1738
222  620
944  1952
209  1117
457  84
1308  980
1088  1957
1581  974
1803  1597
846  147
1414  1154
1662  1815
160  285
452  1272
194  1846
1560  493
289  1472
1039  344
690  1630
499  1556
1226  1876
256  991
1574  1661
1633  1397
1221  1057
1334  387
86  1921
976  150
1855  327
356  1833
156  398
240  1019
1731  1697
1031  172
1572  95
1583  465
1355  431
579  1574
357  350
1209  470
339  295
1074  1613
1498  64
655  1615
1169  985
666  736
772  1806
853  1233
964  1081
1450  943
1103  1820
1204  1309
341  1042
989  1605
930  1785
42  641
758  1597
1118  1673
1627  1533
1455  1110
277  1529
1417  62
747  1840
1882  389
416  908
1896  1290
1713  686
232  1716
180  1741
542  1799
183  1419
1514  1464
413  1740
1928  1871
1835  244
1325  432
264  386
1791  1766
459  1814
1470  65
748  1798
991  1871
1648  258
1501  1259
1809  1273
1407  1376
421  508
30  778
324  842
798  605
1734  345
799  1215
1590  734
1853  63
1546  1142
1158  1739
713  962
602  670
1587  1674
924  1745
1670  1095
1056  1152
1111  959
1960  1264
1099  1565
1886  1942
1015  1841
1785  1431
962  1045
1269  461
1301  78
439  1981
1197  1461
1103  261
1982  1893
1901  1081
61  227
1869  1994
400  1073
197  931
1037  1627
1905  1460
714  1287
1647  1964
1386  552
1937  1049
155  692
1682  308
1543  1256
570  428
219  1462
1755  1473
1312  1336
612  890
1433  912
1644  701
1745  710
1417  661
869  1703
1941  1838
417  2
264  1072
1604  645
546  1108
1178  757
1137  594
1250  647
1458  1437
335  136
72  63
1736  1083
1905  1148
768  1800
864  1161
1903  244
1231  1115
511  1138
1504  423
1178  244
1965  748
972  270
1732  1532
52  1909
117  167
147  642
1361  1291
1433  968
1031  497
1032  1018
1622  1986
535  976
1601  637
149  1087
731  1967
535  673
1102  1928
1653  1110
888  693
1600  64
1109  1539
1592  834
1828  1621
1980  1520
1034  590
657  745
635  696
1385  798
158  828
268  594
1663  296
499  1164
533  788
1462  1504
1259  47
1157  1717
1874  175
1049  1605
601  1638
1170  536
1237  1172
1790  338
1705  434
452  736
978  388
739  416
1792  893
909  861
1507  104
992  478
784  811
107  309
70  881
1056  1953
1814  1076
653  1335
1877  587
1329  905
1520  531
384  772
79  877
972  256
1925  1762
366  633
1871  1934
1114  36
289  9
347  278
850  21
477  386
1659  242
1603  37
1181  123
966  593
1670  1774
1464  1378
345  1733
70  1697
1223  1692
279  426
174  1648
542  1925
213  179
424  1733
545  486
200  622
50  1704
504  1818
47  824
1107  864
414  160
668  1027
581  144
1896  1711
1559  1268
885  1991
918  616
181  33
340  1993
1368  661
1695  1196
1245  951
291  1471
756  180
345  1333
1283  261
1934  164
482  958
1773  429
23  1639
1044  932
512  234
697  263
1824  1316
1259  1595
822  197
1590  645
1134  1078
1131  907
1400  184
919  1387
1743  86
940  335
78  1432
70  1535
1702  1255
1181  1284
148  1995
1840  29
901  904
877  1888
1889  667
1348  1807
1746  292
16  223
1478  1075
1107  654
448  894
654  832
351  559
1273  151
1544  999
199  770
962  1206
636  1057
141  1585
1078  798
1239  1807
1975  1129
231  20
436  1999
1036  1413
137  295
1177  1489
1353  236
1847  1922
1381  732
1243  1625
399  272
433  1056
1918  183
21  32
1090  1513
1698  1502
1532  276
1280  1622
1181  75
128  1579
1147  0
545  899
1386  402
556  1402
1894  1841
1283  1264
1206  94
1129  130
1085  810
431  563
1620  546
1506  167
367  1758
634  488
1866  1964
321  96
362  1002
1446  872
1629  328
163  761
856  515
1270  636
1910  1047
1293  1407
1131  1434
1722  1147
1961  1690
766  757
1096  286
1867  1102
701  179
1741  347
396  546
177  1165
769  1503
783  501
335  601
1816  288
650  1351
515  1815
335  1983
179  1067
1970  270
1090  1350
24  137
900  1606
982  1888
859  55
1893  45
1314  1797
1112  1726
1946  1966
1735  1354
384  1864
67  1249
729  589
436  576
1832  1776
1561  360
1017  441
216  905
1523  323
1082  108
551  1991
1402  823
1715  1294
1648  1227
1263  637
564  160
1320  270
1174  1277
1884  879
103  534
734  668
1696  1139
1273  484
1255  1269
1542  1378
172  1874
1943  742
593  283
1558  1869
593  1316
269  301
1900  1202
1437  1536
538  4
529  1174
116  661
1700  1130
90  318
1697  1007
58  1769
227  1876
1867  1882
485  1111
1042  1640
1511  1569
1879  1766
187  1508
218  1288
620  1076
396  1521
1238  534
743  1017
1138  1335
1442  185
300  99
1215  314
1658  656
1127  995
1043  652
151  382
1065  839
653  1174
1539  766
1528  1402
1610  1475
1952  30
1050  300
818  1172
1333  1011
1655  1430
946  1741
126  143
1556  183
1127  1711
354  862
495  1514
1471  271
1358  809
636  1718
1049  1730
1451  698
1344  684
815  24
1958  554
425  1753
307  1276
1681  65
479  1893
1736  643
1447  1426
175  863
374  119
584  1575
476  1965
1673  1287
891  425
645  759
1185  1900
1298  1666
1366  111
383  1071
372  55
1872  1645
1268  1793
210  752
265  352
305  1317
1258  715
439  1960
1299  988
1022  148
609  1944
606  1075
1252  1186
1417  385
1713  476
1223  1193
133  559
338  56
1449  338
1051  1802
994  1008
1649  1648
219  1846
1580  595
1913  245
323  1978
482  456
1967  404
510  1642
599  786
778  1724
1012  368
1225  1020
1892  1965
1867  1913
559  245
865  1272
945  1708
1939  842
1325  842
1067  1031
1689  936
1696  1055
1045  683
490  988
1049  1625
596  1738
599  1707
1236  943
1532  233
630  1168
252  824
620  446
784  1445
70  1766
623  1697
1444  384
22  1845
1487  448
1683  843
571  1137
76  399
1168  463
682  1669
619  1085
1028  800
1650  1817
70  1659
188  2
1734  1469
1656  363
191  1970
1331  359
906  1995
362  778
1372  780
1620  665
677  364
1547  221
1109  626
1456  1896
1660  657
956  990
1006  1052
380  749
686  1540
1822  1314
336  1439
1919  1745
420  1337
1542  430
1999  1535
349  183
375  28
736  1552
1802  988
810  1069
1277  770
1344  1668
1073  64
505  1032
309  1960
94  1935
1707  1598
1969  1342
737  1315
101  208
1612  969
62  77
395  643
962  704
1152  1422
1699  625
124  1714
303  1470
1253  986
1898  1587
1729  379
186  526
813  577
1352  979
1983  302
916  1847
891  37
277  1180
368  1402
1753  1645
1656  1719
763  1244
306  792
1896  152
1200  1377
1170  441
1531  986
1545  384
839  333
1858  1879
840  1619
711  1769
1851  335
1785  62
1235  1586
118  923
99  386
104  109
1376  589
218  1980
721  544
406  1581
506  620
1248  1788
334  1037
846  802
1445  972
83  1799
1319  872
1120  425
1238  1763
830  1606
1409  1991
1533  1969
1377  704
644  299
106  420
1242  1618
1268  1126
46  1849
1726  1101
381  1426
1734  527
487  382
97  392
832  1117
1264  1247
533  131
111  927
1003  1962
1260  620
1835  1161
405  488
1855  1422
71  1491
268  264
785  541
462  991
756  138
652  1451
1940  68
745  1565
1261  1100
1879  1934
1197  1073
344  1801
1221  1160
653  650
142  493
257  916
666  1438
344  1545
244  1284
1017  1749
1496  677
929  1715
350  1500
210  946
989  524
1381  500
1107  969
923  1932
510  1315
255  166
1384  1632
891  503
502  1581
1076  227
261  836
1667  1784
377  1164
869  1556
1629  1125
1809  253
1174  368
1029  1236
817  569
977  549
1481  1670
396  263
395  1490
1002  398
1594  929
912  806
961  848
1509  747
594  1094
805  1048
1464  1502
1028  1755
226  753
179  1040
1665  487
353  1083
1736  1806
1697  64
1046  230
628  1518
1900  1408
78  350
1646  485
606  1844
269  369
1195  1536
1575  1518
1492  868
1413  1569
380  765
638  135
1975  1288
940  387
1770  250
1410  1444
1616  454
1447  1779
48  1603
594  537
405  1978
1518  776
1961  1970
1095  1847
1955  326
1662  451
1759  1888
682  336
705  467
1044  194
461  533
647  1241
74  1221
398  1434
1047  137
1258  624
1493  751
1465  284
1155  1065
1700  675
510  1558
366  200
807  707
1286  1256
1274  384
582  852
240  1215
1339  1322
239  1193
83  1465
1083  1906
172  1705
434  896
996  1264
1798  1765
236  65
1812  222
1756  648
1068  408
1440  363
903  798
1962  937
481  1059
1206  1208
878  1666
1047  1622
702  794
1317  1115
1842  82
1687  545
1697  373
1366  1470
1228  569
155  51
1720  1605
994  1892
1151  1552
1573  302
1143  961
1117  37
1540  536
598  588
127  1755
1282  453
1722  194
1414  1477
1589  1851
202  323
25  1906
175  957
1000  784
1346  681
11  499
1907  650
1688  1913
430  590
70  388
1536  1882
733  760
592  1947
1294  376
1114  1489
541  705
1335  834
1075  70
1037  1986
269  1664
1804  1483
463  1213
1891  530
1932  395
1388  1197
1224  477
1056  312
1905  337
348  816
441  1883
1303  3
676  1844
1182  734
481  1316
1046  291
1172  1928
322  810
1327  1028
852  541
1459  43
161  911
741  902
1011  1352
966  1535
1854  300
1276  1940
223  242
1828  850
1017  1827
1254  1203
971  1083
1469  448
580  1708
867  111
1406  1405
1602  1200
1088  1842
884  185
1470  734
1317  450
1435  186
1075  1118
430  1528
1480  178
831  1450
139  974
1159  1622
830  551
1376  1383
1036  149
812  1034
1578  534
697  365
1285  1040
593  1419
442  422
1749  1850
264  1203
920  663
378  442
711  19
1723  1952
1751  149
1550  971
1610  1648
448  1609
1540  1437
1746  239
1312  1894
763  148
1704  1343
1766  1311
107  435
1843  1714
718  552
1439  1339
1049  1759
1439  337
1337  791
1481  1352
549  1812
1311  687
423  760
460  1453
1644  1527
1523  1896
1204  761
1330  535
1483  28
1373  1553
242  925
1104  778
1341  9
1430  1083
1925  135
1028  1836
319  257
458  183
1254  596
149  244
779  1971
1254  1079
1641  1567
547  529
335  589
1787  1419
1497  62
1474  1737
1813  359
877  770
1816  104
1908  618
1826  919
680  1961
12  1118
146  833
1872  1252
1139  1080
582  219
1684  954
1251  1393
911  1625
1619  508
1365  1276
1169  1867
1190  803
134  609
819  320
1878  1567
403  18
1743  1002
194  646
528  209
923  1040
979  205
500  336
223  565
929  650
1240  1127
1177  887
802  1871
571  609
1408  954
1138  661
111  980
1199  278
341  345
1388  1371
1575  1282
1735  1410
1507  1442
1667  1587
1447  485
1969  1528
1227  1544
87  355
1101  1755
909  299
1020  1552
444  300
1159  216
1453  967
114  877
920  573
1417  192
1452  1345
492  743
408  359
400  1561
1054  811
217  970
1483  352
77  703
879  1499
1817  125
1352  1891
1185  300
1930  1040
908  12
1631  632
1168  1643
871  1331
1353  1583
468  1796
1661  78
1757  776
607  232
1273  1615
1414  1757
1232  138
683  1356
1115  752
1961  916
1426  198
908  1536
1284  295
1328  415
1639  1148
1448  1854
1963  270
449  1590
769  941
1296  870
853  1299
1905  1313
967  1334
849  221
737  342
1199  987
1228  1723
140  1252
1257  1382
1629  11
370  1099
297  1200
1856  1354
459  1423
329  1678
1420  1195
1008  366
866  1488
1439  1081
385  1110
388  1808
555  961
1248  59
1472  1880
254  98
1992  1484
1075  1504
1570  1242
1513  1283
281  1035
351  422
617  830
310  1671
1192  467
235  224
1926  1249
1969  6
1565  1909
1185  1729
1649  322
129  1093
1218  1966
1569  361
1106  1048
1542  625
978  1168
1848  1247
1162  1660
1457  897
7  1120
51  1720
407  442
1376  1676
797  685
1882  1366
1065  517
1389  168
1032  544
42  1152
299  299
457  118
945  1979
782  1292
1948  518
881  1384
1878  401
1045  1705
1231  1900
270  1421
1277  1461
1159  1658
608  140
1601  328
1943  352
1846  107
115  1383
1028  1226
1693  1022
476  42
548  517
433  236
593  1757
1135  1362
380  1518
982  1844
1778  482
730  371
105  1447
707  1810
1367  1773
70  1515
175  840
135  1425
1466  1388
533  1886
1935  1721
416  1639
622  163
1851  311
1257  1635
1339  1882
1275  565
1288  1844
1083  1297
1671  282
1024  559
1891  970
1172  571
1048  961
652  638
1944  1046
1589  1727
1692  1053
22  1638
1631  1341
1924  175
1107  1384
951  1630
562  298
617  1008
1897  1301
1311  107
514  329
1657  43
362  847
187  366
71  1344
117  382
590  1269
420  122
395  849
1234  1652
147  195
638  219
1613  426
452  781
803  1285
1968  1261
20  1835
165  1592
686  234
1583  1454
1802  1622
1225  1910
1091  1830
935  961
1139  1412
257  146
1333  1847
1033  493
78  1682
734  1038
656  453
1203  1852
1682  207
222  1014
685  860
1991  1421
481  63
71  523
1170  1023
1395  23
824  730
1682  959
743  458
1532  1327
845  383
259  270
1382  1415
176  1647
1224  74
1078  842
322  1336
195  682
1326  850
415  1695
664  1926
986  1446
1361  472
193  1403
978  883
206  1499
1797  1381
265  1279
1589  1176
328  1913
413  1665
1946  1681
1551  1918
207  1744
1070  1907
402  1324
1061  1360
540  1583
409  1138
1585  1005
1954  1138
1372  1248
1298  1539
1041  1625
769  98
1954  1916
1674  1074
218  1364
533  1861
1254  849
197  161
264  1672
481  1421
1227  1654
1797  1368
1905  1956
207  160
1377  1216
314  76
1408  957
863  679
38  1534
838  1219
1134  1877
768  1551
1683  1471
19  1310
1301  123
839  119
1477  937
449  492
319  1878
1219  599
1725  1790
985  1074
80  643
1954  776
360  822
287  1687
727  1572
98  1767
973  91
1283  183
1670  1320
1429  346
899  16
840  1688
1038  1284
1227  574
12  958
777  280
970  817
247  1071
226  1569
1720  1232
1413  1217
1151  133
761  1612
1049  1331
1286  644
435  573
1677  261
586  627
306  1322
527  211
1380  1333
459  435
640  1305
344  1985
277  958
1678  345
894  1681
244  1528
892  1978
703  1111
1868  738
1656  931
777  1981
1645  161
1269  1486
204  74
1538  1769
225  1993
190  459
778  34
1465  983
870  901
1291  123
707  1975
1649  32
882  601
515  580
904  692
698  1624
587  1324
1400  142
898  1041
1667  1532
1761  1377
376  1157
525  277
1672  1484
222  870
323  1850
789  663
1120  52
129  1837
32  1812
1391  1859
1113  1557
1583  1776
21  1585
1135  583
1934  1774
709  267
410  321
789  356
490  772
82  758
786  1397
1675  1095
228  1443
1433  265
987  1760
1956  1256
330  1973
1416  1893
1060  444
859  1827
1257  682
332  1954
1450  373
1565  1466
650  241
1078  157
1011  1063
258  57
567  1185
1751  1112
1174  57
309  1573
956  344
106  951
1309  170
420  1290
749  723
261  923
1455  1609
1686  1274
1530  1451
1393  1257
1684  796
848  348
1800  1816
698  1826
673  1469
392  1817
1705  1729
1902  911
64  657
523  1537
1626  1127
1351  1312
917  523
1083  1243
703  294
411  124
1172  1985
1728  1608
36  1421
1378  674
815  939
1462  476
1117  335
413  1033
328  873
1446  879
1747  916
273  1782
1290  1209
1854  65
557  1585
888  1415
678  1980
1123  446
1914  1884
1369  1810
1208  1549
1401  998
218  1543
764  64
261  981
1764  1661
979  1994
197  1531
1918  1806
533  519
793  1872
1820  536
1189  607
31  1572
1086  1071
1245  933
19  1427
1010  1843
1367  1044
1704  417
1613  727
806  502
239  1298
1808  1433
1250  1566
1268  1139
393  1451
1024  1829
1255  638
1790  1459
1793  376
1747  1906
904  528
278  765
1975  1055
1768  200
1594  212
61  135
80  128
1865  61
1099  1051
1553  1014
424  456
776  660
933  643
599  1859
496  888
1703  1716
1130  1963
483  1900
1735  1892
1893  282
1800  889
1678  1709
1077  889
1233  1760
311  1669
857  1734
650  1748
1009  951
860  571
734  63
420  1950
1537  1959
1289  1405
1264  1170
1443  196
470  835
645  918
205  1503
1176  1600
1164  760
1641  1966
1388  1876
659  1850
538  1189
1932  1135
743  1231
237  383
1762  1124
1864  743
1473  928
696  1219
673  69
976  1259
31  593
434  1269
1293  1314
376  359
618  1961
506  556
687  1824
1425  365
854  769
1740  295
467  871
106  1553
1501  1326
2000  1338
1095  140
260  1271
1411  950
1051  1252
1975  103
1585  1131
487  943
617  1076
699  986
323  220
879  5
312  566
1406  742
959  587
513  1075
1708  1707
660  554
1150  630
1200  687
184  970
510  168
1908  561
1082  1016
1711  1162
757  883
1232  1758
1630  180
824  1529
972  1081
1166  479
888  90
1657  572
1493  61
1282  356
1687  91
993  218
1040  446
1228  327
937  679
1529  161
1798  29
1034  635
26  37
1306  1520
202  160
961  1656
176  722
504  1324
1868  953
1253  1774
297  402
1697  914
696  109
431  1353
1702  819
632  640
1849  655
1823  818
395  1674
1409  1337
447  1123
1526  493
1789  1718
6  1538
1398  346
1349  1488
1799  1089
957  1096
1964  588
1815  1753
349  1700
1531  1449
1930  1295
944  1345
388  417
1879  989
1261  1832
366  1195
1512  1941
1715  1784
118  1769
423  1441
1749  1006
1653  1869
1184  1011
1457  1956
1125  460
576  1489
1835  174
1874  1788
1243  687
1987  1122
1781  1946
567  1429
542  1752
752  91
1179  451
343  1341
220  500
281  1114
779  1585
1581  288
467  108
1156  568
357  592
468  580
333  916
411  1359
134  1140
84  320
1566  1818
1809  224
1625  40
1681  1116
902  1156
1366  781
1348  687
1714  528
730  891
1844  1944
1249  13
1685  1978
869  1154
595  1354
1722  1371
178  1112
401  396
1490  728
707  1946
360  1065
661  1240
1981  1938
342  866
1861  1893
382  1421
1457  1918
671  1616
816  1372
12  246
237  1679
886  686
1803  334
1097  28
1367  698
687  1646
111  712
1874  1992
249  1414
355  964
262  836
102  313
1197  1420
176  1053
1759  1583
330  455
254  1558
725  427
1016  1050
1310  1605
31  1576
1407  929
798  1246
208  190
201  1865
1761  1876
408  640
720  1273
414  1183
1720  206
130  523
274  1030
754  1006
1509  1139
231  737
779  1868
835  360
587  1708
1344  941
1516  253
1655  972
777  153
1226  1382
1008  162
817  1240
1362  304
1905  518
1002  722
431  1154
949  1942
1250  31
456  1258
1898  142
224  1023
1104  1077
406  666
687  247
1841  576
298  260
556  1390
1031  685
752  1104
630  972
1950  711
61  1383
622  1783
1367  1817
602  884
142  1857
1064  1341
1948  898
1676  574
434  493
1151  639
1717  1209
1358  1063
1212  1664
116  1441
471  1289
866  1298
594  714
542  1190
772  1633
748  1893
1556  1679
1812  384
1246  652
1449  1065
1192  1805
1267  1146
1706  1605
503  1654
1753  152
1220  644
1574  1092
687  193
828  1519
1940  868
1957  1327
78  1892
799  135
831  1153
1157  1445
1971  1173
313  1475
838  207
1437  446
669  334
1554  179
1229  1660
490  1222
386  446
690  484
1311  224
1554  1587
529  1545
1238  1953
1003  1967
142  433
679  1585
1156  1120
393  874
1375  1659
1543  62
1748  1176
1326  867
1995  1414
941  746
1485  872
873  1433
1119  1870
1818  406
724  1437
1099  1487
65  1529
1644  394
1582  1397
43  1481
1282  1146
557  276
1462  1564
1067  221
637  176
939  185
31  1388
1478  659
676  1063
1490  589
1766  1774
1557  1300
357  1193
133  957
746  1339
1262  492
33  234
1835  1911
800  160
1630  1721
772  1160
692  572
1038  1413
1417  1124
1591  1854
1984  538
1055  408
1472  561
1299  1449
600  1405
965  143
863  583
1837  1371
983  1574
1916  535
456  778
1457  1354
1241  1322
1089  1218
221  1408
1909  386
606  1944
1931  895
939  504
1656  1129
700  305
898  1002
1052  991
945  1081
938  104
1512  1545
458  1245
412  514
1562  789
33  1175
1126  1505
785  355
1020  648
7  1003
678  1754
1082  553
82  415
373  1834
1371  1579
271  832
1354  1347
524  1424
1143  1926
301  1804
272  298
1087  876
924  1921
1242  647
1448  882
1606  1836
1838  1390
1184  728
1866  136
535  1523
571  1343
468  1645
1416  1101
722  1520
844  1661
1855  1674
1064  1836
1207  1722
1428  650
259  1610
920  1043
1873  1439
1249  68
1500  467
1020  274
764  1700
913  857
501  1007
1864  233
1590  1772
1114  929
1272  1483
1543  1854
348  215
1711  900
415  1315
711  558
1731  60
158  1593
1974  1934
448  1161
916  739
579  529
424  980
1932  704
654  1119
1720  1329
170  144
1194  1331
675  1435
1515  1792
992  485
583  488
33  1671
556  570
831  1460
1889  1033
911  1210
225  1177
1177  1201
1055  580
888  534
167  1237
633  782
526  470
1229  276
1735  1611
116  72
613  360
1191  454
1  1228
1282  1555
702  985
8  779
1683  1262
1213  1587
1348  436
298  1002
963  1896
193  695
1609  817
1358  17
1443  1523
73  1369
1527  1799
1522  1713
1817  1204
1557  883
1626  1954
292  96
18  217
1362  1003
1818  695
233  1121
1530  371
347  1833
1510  1944
954  1417
1839  946
1414  310
1086  1713
1078  689
1218  48
780  973
942  1807
125  1321
233  204
781  409
770  1031
1982  1835
1929  1249
1255  942
1137  1449
1075  1958
1342  1473
753  1995
248  764
678  1419
1587  1990
1603  1816
1524  1976
1804  1853
1303  1753
1877  546
30  1049
969  1035
1030  1244
1111  1321
1698  352
66  1413
507  702
1056  1156
1238  562
1882  926
858  760
429  962
1805  1689
312  167
66  1484
1808  1656
37  328
328  1528
1510  1309
1309  1341
1366  921
1304  1725
623  185
676  1860
1788  913
315  64
261  70
279  1036
361  493
1922  43
692  1202
8  298
192  26
517  1985
1324  1181
807  1510
1463  1796
1098  506
568  1373
383  543
1930  897
628  1130
936  921
1544  707
443  1319
163  957
992  1594
122  1857
1932  1835
989  137
628  159
176  1855
1231  262
1082  489
1048  1553
43  1427
38  949
555  701
913  92
1524  1018
1933  211
1168  242
766  268
173  1198
656  1457
677  775
922  307
127  1250
1610  1723
338  331
1784  1236
511  1726
635  1603
1629  1984
1062  964
1313  828
708  1909
1402  1405
1624  1860
760  845
270  1081
1940  1213
961  1273
1965  1843
975  114
1052  1044
167  81
1719  1857
1701  1488
567  779
598  715
1359  1248
509  896
1386  1555
1874  886
284  858
1796  823
1996  201
155  970
1139  1437
1221  74
2000  283
1767  1752
1154  915
1665  48
427  1113
1951  1502
141  7
1297  943
1010  386
776  20
1988  1634
1178  1370
1780  1477
831  437
1190  1469
742  326
470  1660
96  861
358  1412
1222  1204
1446  1797
481  984
1493  1559
302  1157
395  1143
565  654
1525  498
1371  419
848  377
1857  1373
537  411
682  1434
1942  1516
312  1644
735  1204
835  865
820  1780
987  731
888  1856
1679  1260
1256  1591
1193  1224
707  398
586  1909
30  1823
1581  268
1993  1079
247  785
1906  154
194  752
350  176
1630  1327
73  1868
1492  124
1754  967
688  1746
272  1507
459  179
1694  1846
291  794
1966  685
1339  892
1222  92
1625  759
1636  1895
694  866
542  510
1676  1578
1969  617
560  1743
29  1287
1264  1937
83  1637
712  1356
1558  847
748  1363
1424  1442
1557  1654
979  1100
191  48
966  1259
1036  987
856  1913
796  363
1652  1186
660  450
51  375
1100  176
1080  52
1944  695
492  255
1985  432
1733  1442
395  668
1385  176
16  1666
1041  1536
740  898
700  1015
1439  1724
235  942
1147  84
124  1920
1526  1329
1393  1965
1704  1021
899  1520
734  1682
808  1206
79  148
322  1796
1671  1482
573  1548
132  1998
637  1608
200  1712
1597  1065
529  1330
807  256
662  442
1822  267
1569  1105
251  1956
247  1823
1161  43
1385  361
1600  1555
190  266
33  1113
257  1818
1353  1835
506  1865
1229  1916
1168  847
740  1272
1347  1761
1527  1560
1595  1097
939  997
1072  1276
580  291
1955  1817
1150  756
1545  1398
1812  40
1849  1441
1982  1656
583  1592
1406  275
1467  389
995  549
587  547
1744  1505
998  1107
634  1465
1587  1827
1267  264
1809  1692
226  551
44  691
1061  745
1269  1341
952  309
512  736
1303  523
564  1670
1263  1275
954  544
489  1814
1297  1859
1209  843
1677  1090
29  861
40  1640
1583  323
1717  1504
11  1004
1312  244
460  1389
1970  1013
1456  574
1634  1947
1465  775
1375  723
239  1611
1987  972
507  328
575  894
709  669
1892  1588
414  363
1734  1429
284  416
271  431
192  744
431  1334
1295  735
44  1134
1799  1151
1116  1629
762  463
1884  179
111  63
804  595
62  1272
816  1418
62  679
1660  225
862  618
1277  1272
1705  1406
650  1261
1679  1855
1495  538
542  1763
1169  320
915  1840
1696  267
397  1470
105  1361
130  1500
743  54
427  529
1947  325
1190  93
1485  1000
1318  1916
38  1930
1377  214
1156  255
1412  1505
617  458
694  1872
1677  1753
1979  1143
1976  773
220  1208
156  1863
1866  1441
1262  1264
1444  834
515  547
1900  242
1188  1495
201  276
1050  1
1865  292
1721  153
729  168
969  1327
1491  13
672  1031
1327  393
1244  222
1273  1601
452  1878
1663  1184
1861  734
1771  1435
1778  881
1079  1448
1792  729
1552  766
684  1336
35  1319
1011  1778
533  1295
1495  1113
1373  250
1230  1425
1438  873
744  359
99  1844
723  83
492  336
663  726
161  463
1026  995
303  412
1499  1362
1098  1249
1438  1323
412  390
1137  1599
1179  609
895  1668
1887  308
1133  1827
1647  762
103  1143
475  1025
925  1451
1223  1993
506  1788
1691  1509
1144  1798
1180  1700
1462  1021
456  2
1942  1273
1279  1805
1421  1588
922  1465
1291  1282
273  866
1117  1424
1403  903
1354  605
16  1693
1544  1232
1368  1136
1044  1502
591  684
489  1489
729  1077
1791  1498
348  1163
1543  883
1538  493
1826  1031
1335  1945
429  44
15  1164
1856  122
362  733
245  1926
1570  70
1201  1816
171  1156
44  637
389  135
1558  952
170  1823
201  1961
177  900
1800  73
1874  1384
1454  1138
1858  308
452  804
1645  349
194  655
1157  579
1335  1967
576  1053
204  115
1854  1340
254  1244
1008  173
703  1087
1219  1513
1206  1861
1759  5
924  1292
1640  1274
307  1082
1281  235
1451  1770
1436  227
1418  732
1531  96
304  641
1382  328
261  1172
73  268
1631  302
729  795
1325  97
903  496
646  734
1742  1086
1428  1626
1243  999
452  1233
1442  212
1024  797
1406  240
504  1014
1719  1089
1154  1825
1430  1714
622  517
1391  103
1777  1231
580  1399
1240  1163
1931  1259
777  1280
1548  737
1082  756
479  429
890  774
253  1796
1493  699
1085  1259
1457  16
1519  153
1210  820
1735  843
1327  1694
1957  1962
708  1293
841  121
20  880
877  907
1426  552
1278  763
556  442
1810  1239
1203  783
162  1636
1367  315
1656  473
937  1948
1906  1615
1847  1361
1583  1241
294  1954
1622  1727
1400  521
267  148
724  469
1786  384
1052  50
233  1982
1277  903
1170  1821
1100  1369
440  352
1493  591
714  224
1326  36
1710  1236
478  136
1060  1850
287  881
1125  1095
1799  1350
57  1034
682  939
761  168
363  215
913  899
938  879
71  368
1866  333
1579  687
1893  324
1217  166
74  1638
93  171
1736  209
1528  1310
793  1092
1278  1697
1044  1596
1918  192
111  1517
1154  128
1832  1905
758  692
921  1927
385  306
427  1966
1412  629
746  540
1539  1668
1350  1669
1040  1387
1356  1828
1728  1888
1978  670
1365  1786
1915  1652
1260  1644
1623  236
769  881
1408  1269
733  350
1866  763
195  191
1072  1060
129  271
1367  1647
1010  1082
1766  1059
116  1951
857  609
726  1640
1668  772
817  1990
561  941
1370  1289
613  1633
800  1063
565  524
282  272
1968  906
741  1820
1936  1672
1930  708
1342  194
642  586
1207  1702
1077  1821
221  1194
1962  1833
454  949
886  1299
1968  756
1361  1987
2  1552
392  1130
426  556
386  259
958  981
246  304
1424  1514
1  1267
1815  893
381  1650
1871  1263
609  271
1994  1449
71  1117
1941  1037
716  1909
1320  822
1500  613
1650  1655
1983  726
992  127
1901  675
1047  1652
1558  889
1773  1905
1459  147
1782  1560
1041  1897
915  195
718  1431
392  1677
991  581
1707  1696
399  861
1765  737
932  1164
1717  1997
876  895
1901  1079
1755  731
1161  1577
147  1192
634  1903
949  158
1628  1691
1912  313
813  1785
1705  1456
1305  1214
1058  1663
1333  1953
317  173
81  886
1577  1908
1735  333
1371  169
1667  1152
541  1448
667  389
1151  140
772  871
438  1805
1264  640
267  1454
429  232
720  715
353  759
330  1720
1641  1299
545  1487
242  1154
1734  1769
957  664
807  1662
242  1858
1963  1353
1035  1472
1234  1800
1822  1194
1108  2
1330  381
114  445
700  447
311  1133
877  981
687  363
501  243
1953  1172
171  1102
651  1774
1343  181
649  519
849  292
1979  1136
595  65
549  1495
871  708
542  198
125  98
1185  1913
1096  1918
1769  605
313  407
1168  59
781  1367
1711  1704
188  1951
1842  207
673  808
1710  1545
683  45
1431  211
936  1604
1340  273
645  1840
1286  1607
1824  1715
1223  857
1769  1912
1402  1657
1905  978
721  1471
94  71
890  1281
1076  1448
1571  1708
1029  1914
1779  1759
766  1816
1678  751
796  1863
97  1996
588  55
902  8
6  1817
1840  577
76  1698
202  1822
1055  166
345  1428
1680  824
368  976
1253  568
812  838
1503  864
76  839
1399  502
1667  931
680  1329
1527  1032
1360  1173
659  948
1446  842
769  155
815  1679
1141  1439
1752  168
573  1229
1406  228
1134  523
1987  1731
690  1303
1144  1437
1426  966
134  1425
1838  2
391  1657
962  1795
1745  768
1733  1282
1623  1
791  48
992  1298
592  111
647  684
1029  373
423  1004
827  322
470  323
499  814
537  1473
1793  1166
1904  1684
1429  224
1197  1796
376  1677
1134  52
627  940
727  764
1179  673
1879  1979
103  1868
497  1884
1864  575
487  462
693  753
670  1138
538  450
1197  1718
741  1494
366  1434
1370  1016
778  247
44  927
1999  814
719  1250
1008  968
838  176
1221  874
1548  1727
954  658
777  655
368  1287
1602  1346
143  702
564  878
332  1444
996  64
1655  151
1155  82
128  1968
1166  730
120  1768
1410  133
761  15
1700  1329
203  676
1390  1143
1675  244
1281  779
984  1562
1675  1361
1673  1012
1706  35
1909  1399
53  1443
1495  1109
1849  215
201  1570
1002  327
65  182
1236  395
584  170
1169  1188
716  1960
451  1306
1353  591
1871  1287
171  790
854  1609
1933  1940
426  577
1337  1473
1458  902
1825  596
1323  1143
53  1244
425  12
1262  1399
1179  717
823  359
345  1716
65  748
151  1774
88  1434
651  979
1738  314
1538  1601
674  95
765  29
334  1351
459  316
256  1342
1572  1618
1964  267
170  1528
435  1742
1797  1786
1214  1447
26  1581
1295  1056
895  2
1552  92
687  1559
284  1073
172  574
1874  1395
1751  1064
901  643
242  60
1071  1647
387  1106
1994  405
1545  527
320  47
1137  1484
1010  1735
1082  1443
201  575
1550  1158
1487  1528
1688  838
1633  1193
1269  512
1491  1368
1922  507
1860  569
1064  1512
241  1814
11  607
1338  481
439  651
174  535
683  1196
1394  1740
1931  786
1817  1446
1117  1103
747  889
1650  1539
1016  1944
307  958
1709  1671
1004  951
946  1966
1574  952
729  878
958  1234
1817  933
1837  1404
891  545
1101  830
1808  1559
1372  88
1577  1821
1227  800
743  1579
498  1237
274  246
1452  18
504  425
164  1588
34  447
1558  1976
848  372
887  888
898  1795
300  1866
758  304
554  487
701  1360
635  1188
912  1866
1018  642
541  1924
1099  871
888  1395
1937  264
1101  516
1612  827
1225  1704
115  949
1494  548
1090  221
1151  484
1954  1690
501  434
1195  709
241  1700
1083  26
158  1892
389  566
1522  1796
1398  1181
1343  1095
1296  197
364  1287
1717  388
676  250
206  1024
1758  201
846  1409
45  637
1171  1361
414  57
1337  306
46  288
264  57
1645  1781
906  1100
1595  61
736  1784
346  477
120  490
663  870
1948  374
1533  980
217  1375
786  1448
1119  1926
879  318
956  1962
234  1613
626  927
1075  1648
1133  1849
214  1989
50  951
35  1597
1098  1319
1617  1224
388  1213
1480  53
97  1324
1266  846
388  225
933  51
1874  1865
1209  1560
634  999
1862  1442
485  491
188  1055
1860  960
1790  242
1279  766
1882  1515
1476  1647
1813  1565
1822  1909
358  1270
1662  999
1071  599
375  1344
82  636
518  2000
953  355
792  978
1816  84
861  1969
136  1649
1369  484
1923  1335
1325  1302
609  742
1850  558
533  1838
1416  1863
1196  603
319  1580
525  995
1247  995
1392  638
1366  6
1103  1215
299  1707
433  736
958  529
1760  1062
1791  1547
498  794
1827  1797
1190  1510
870  1703
1525  535
238  1548
1475  1234
1020  682
886  692
1926  1294
1918  1546
897  672
1245  445
1903  526
1979  839
590  769
633  1448
1156  1701
450  1098
1891  332
165  1744
1348  1207
75  455
742  148
610  96
645  1296
333  1734
1561  92
926  632
1397  1719
1742  1970
1030  178
1948  1437
751  1075
1766  1952
795  1119
796  1845
1076  1101
815  955
1133  746
494  1078
303  1718
1695  1233
256  1799
1562  841
1736  1224
321  1618
66  1845
1705  1099
1916  356
381  165
1471  1711
35  77
1729  948
1399  796
806  982
148  1958
203  1880
1334  190
743  88
1299  1795
32  156
462  1430
587  1378
438  1396
1981  1854
775  1662
767  53
725  742
270  623
1477  405
1028  115
171  684
538  1823
1278  1657
617  1411
1812  199
227  206
845  938
1338  1087
1733  1134
387  1929
1929  1086
1271  1134
529  809
1930  873
1734  26
1913  1959
1743  1478
465  1572
1754  551
315  705
1480  775
333  317
1924  1769
706  1032
113  1911
943  407
968  68
702  1054
755  1603
976  1722
1664  1154
1558  1253
1732  1914
494  1794
576  1439
1896  1009
705  1533
1472  479
1447  1878
843  1377
1541  318
135  939
1551  1379
1210  571
528  1630
55  1478
1007  1278
682  1462
60  1867
1438  1213
72  1408
1998  352
1728  1708
1590  1172
186  1557
1230  1728
1911  716
23  1125
849  752
146  776
24  315
1469  1432
88  704
283  1963
1150  1545
1172  1731
700  1940
799  40
1139  439
1041  1059
795  1851
166  1141
209  1503
724  843
1075  1615
801  1617
542  406
1089  1871
590  1970
1012  988
345  594
287  395
165  1613
207  531
1727  967
700  1718
866  1251
1708  1955
393  717
425  1956
1706  1411
83  1723
800  1448
408  1945
100  372
1845  1500
598  1218
509  482
1038  555
525  718
854  346
464  1067
1211  416
467  419
145  1831
492  326
806  1607
224  381
1831  1193
85  1969
1214  1166
1803  337
458  783
1847  1565
120  884
21  1141
1787  697
876  290
1005  988
1994  1673
705  532
526  865
1211  605
677  498
1492  83
1241  384
1390  1562
1230  282
59  1492
405  663
1029  1481
1054  1578
591  430
1208  1831
948  119
44  1862
920  1047
1995  1287
1276  688
568  375
715  656
719  605
1128  616
372  106
1983  400
849  1204
1619  1772
833  1753
1607  1082
342  1190
1396  861
1521  1139
1511  212
1521  888
1635  1519
1424  1291
1007  1753
1919  1226
971  1409
1045  1591
1071  982
963  1206
1420  1186
433  363
1176  840
1290  631
1976  1994
1603  151
1956  481
1726  1759
1180  1546
98  1766
68  1090
1846  1249
194  314
584  265
1997  1707
1464  1542
245  608
414  1564
568  1326
1718  1689
1853  153
1504  261
643  1144
968  1338
1239  711
250  1121
1250  212
1517  1521
1666  472
797  1609
45  365
1542  1033
1239  458
1702  1419
397  780
1847  1004
324  1365
1329  1698
544  1956
1023  28
1859  1950
1173  86
947  129
1096  1761
1829  981
1873  1712
1296  1651
443  1029
691  41
1212  1431
1735  512
1163  134
102  674
473  1983
530  434
1992  260
1070  155
877  380
1464  211
900  712
224  1546
611  988
671  23
8  336
358  697
771  851
1581  997
1334  1719
1828  212
1467  1659
840  945
1022  497
597  308
11  978
7  737
628  83
823  1015
1471  335
1785  1732
674  1927
1111  1158
1333  104
1552  898
1220  1317
1402  1859
546  850
1208  9
1128  1187
661  749
439  740
541  373
1389  1412
1665  176
231  1273
804  574
458  1910
4  1745
1842  449
1162  1248
481  1121
1635  1005
1704  1827
1339  1080
1432  82
1956  823
391  168
11  317
1780  1243
1105  1460
1614  369
1489  1542
408  164
1732  1463
1926  193
546  285
239  52
61  667
1339  191
1308  566
6  763
781  876
238  54
1416  1890
768  1231
708  1965
734  770
1618  470
1365  1047
372  516
114  810
774  1368
1146  759
1036  877
1214  440
169  651
1407  1746
1292  544
600  1935
834  359
1733  1829
893  648
69  1639
1964  1433
1485  358
1466  1833
564  991
1636  1485
226  1218
1353  810
535  1938
1116  874
1354  1334
1508  1911
1724  679
1233  1940
1671  918
1410  1652
1733  463
1659  44
236  1821
916  1329
699  647
1081  640
1189  929
653  1418
1315  958
112  337
409  133
262  988
1713  1348
1513  17
1770  385
1642  753
1405  876
840  150
561  1768
677  1572
1864  507
1219  683
1742  1892
1842  1869
1560  1844
458  1468
952  1872
1635  89
1765  928
697  721
694  246
1282  1176
1658  760
689  1983
1355  905
1047  313
669  1845
1360  1343
32  589
1040  101
1664  799
57  547
1773  610
1962  1283
1017  1344
345  1756
1287  399
234  981
1391  575
24  375
1420  619
1745  515
166  1343
1551  328
155  1722
1708  355
1742  1495
438  248
513  707
279  1801
432  1050
1217  126
596  94
1908  551
408  693
1523  1078
738  1311
299  1034
1948  1415
1128  385
1560  910
1200  28
840  1358
1207  892
1000  76
1233  431
109  32
53  386
126  272
65  36
1886  1749
983  401
200  306
1546  1820
213  856
248  286
91  526
1929  1605
1765  981
82  674
1696  619
364  480
874  1321
1563  976
156  272
984  1628
1156  662
702  224
1755  402
1026  370
1798  1903
1237  1768
681  1632
520  483
449  1857
1881  1361
1222  682
956  954
1863  1460
363  398
881  1470
1830  1770
1916  568
1474  813
121  202
274  880
1064  1919
187  672
1609  180
356  1783
405  1971
1237  663
1174  412
756  830
1114  1698
740  1898
1939  560
1114  588
1069  899
1444  534
935  1217
352  1305
215  1727
628  1664
393  1421
771  1513
1932  211
175  520
491  151
0  293
1071  1720
1851  50
516  1591
153  1063
1278  13
447  1620
480  1478
1647  129
1496  987
570  1460
159  107
356  528
1906  483
709  1982
572  903
754  412
1194  181
1309  1854
9  1537
1849  381
1435  1951
516  790
110  700
647  570
903  1305
1845  593
1694  133
52  286
440  340
805  484
1250  1935
785  948
1868  298
1783  1325
1462  1984
1466  878
927  1483
1218  1654
1954  106
985  805
1150  259
813  909
99  886
1654  107
592  1021
1523  165
1613  859
1003  589
712  162
544  1100
554  581
71  279
1655  950
685  486
1030  453
907  208
1692  1969
223  1179
1065  135
1128  602
736  1533
954  1162
1649  938
1522  1717
1835  490
1741  850
1130  1315
1055  1171
752  1156
966  1329
1441  1378
397  411
444  654
235  1590
1209  1948
786  517
1563  1837
1631  1450
336  1534
100  1817
805  297
1750  142
996  1783
1949  548
114  1286
1588  766
92  499
719  1782
159  137
1330  1447
960  526
724  1904
1854  373
1917  1962
1453  187
407  1585
994  1510
684  403
344  1615
1967  8
63  1742
1860  770
742  370
1308  398
561  1331
1059  1422
1614  1235
944  1373
1770  347
1336  361
1044  966
756  1997
779  865
1179  5
1931  1405
1372  406
1971  1137
735  53
1479  1704
25  801
1623  1420
1264  1157
890  873
1518  1125
1593  668
21  992
1631  46
1385  1981
1692  341
1327  742
1859  412
1883  938
98  96
724  1855
1730  1200
345  937
701  1521
1265  1870
551  1176
752  246
25  1163
252  1558
1180  755
683  886
871  1921
1218  1012
686  1137
877  1437
96  336
172  384
1278  352
348  349
742  1637
1571  451
617  1554
243  1719
227  1595
533  724
1785  567
881  1782
81  1104
