1000
1744  1509
74  1416
1720  253
963  277
752  1871
1536  1106
590  1324
222  1675
284  435
1136  1551
701  1340
1496  1173
1052  1504
1175  802
764  1920
1914  1943
341  1080
206  651
1835  367
1296  422
1782  1153
760  244
1057  263
653  809
1030  461
1274  117
301  471
802  1177
478  1872
315  527
471  716
1444  965
492  1921
1777  1170
1405  1877
942  4
658  236
1925  529
946  1927
1321  774
206  1969
1239  1189
755  312
365  1070
1535  1106
389  492
949  123
1443  1528
439  834
145  946
1699  1519
1074  359
1622  1072
1745  1831
61  1477
784  799
1457  1764
152  1514
1626  517
1933  1821
788  282
485  1462
458  817
1561  1838
676  1079
664  208
1303  99
1995  437
429  1071
1708  363
997  1487
1382  188
691  1395
1698  634
398  1289
1619  1015
1327  1329
8  806
1229  897
1846  1622
545  1489
1043  1340
1947  1028
56  1086
1861  1458
24  1097
1307  295
514  1379
822  394
1151  191
1605  812
503  1759
606  390
136  1108
692  1956
534  1876
770  800
1305  1756
1071  1771
120  1843
1888  1428
1094  342
211  1997
1936  519
339  1907
502  779
1897  209
882  1969
542  1287
539  1633
1660  940
1252  709
1417  750
1851  1959
154  156
587  915
1183  1070
390  250
1345  1275
693  790
136  1252
357  245
713  76
259  1004
1247  597
1933  787
1550  1539
801  1032
780  1347
426  488
1194  1386
1537  590
1213  371
850  155
90  1597
1756  973
209  817
1297  360
1393  1239
647  517
1943  1851
1829  1862
1103  1646
598  1409
625  210
1913  1456
1618  1523
1098  1085
389  1801
649  1514
97  226
5  484
919  1766
1649  638
259  981
809  636
1243  868
200  71
32  538
114  1385
1566  1493
529  1685
927  1820
464  1091
550  1828
311  1306
1211  295
926  570
949  798
1260  1166
836  977
740  1750
172  107
314  801
1208  1551
1212  1790
1785  427
1496  1268
1291  1655
317  75
354  583
686  304
313  978
755  4
426  1808
675  1311
171  954
704  5
1671  665
1338  1427
91  1943
245  394
414  1034
380  489
544  534
682  871
969  1742
1673  927
1717  165
369  1074
794  335
1159  986
1848  829
946  475
423  741
457  1403
609  148
524  216
1630  1656
811  583
457  1417
237  211
565  1288
1573  532
330  52
1681  1266
999  511
927  172
350  84
272  215
12  222
1850  82
940  793
1021  661
704  1203
1533  1871
1189  981
1649  81
1549  193
367  1412
1352  743
534  1504
982  210
1844  1576
949  1509
1614  1378
1706  1271
1457  498
1225  466
1810  772
855  856
1370  1902
1829  369
1346  1968
1638  254
1766  939
1965  1313
1295  1125
892  1796
126  1810
1262  486
389  652
1061  1544
198  532
609  251
1861  522
197  225
1236  1914
1505  1592
757  600
915  1160
483  854
593  1450
1533  773
775  465
1193  1966
1754  1392
1564  552
132  1252
540  141
877  913
330  1007
856  152
251  1840
801  984
906  260
1676  533
1318  1397
1367  798
1678  92
1933  985
1740  1794
261  622
1216  1386
1909  247
202  931
121  630
681  229
409  652
834  200
1165  1787
305  1849
813  522
1777  41
261  31
947  1117
982  1307
1002  1491
333  949
1164  907
1179  1867
1022  905
67  1664
1624  1111
439  1123
359  201
175  1423
412  1600
274  1631
476  1628
1312  1588
1775  1799
585  1834
623  1664
1327  1755
1190  1697
423  134
1392  316
969  870
178  853
707  217
117  1548
1466  1718
1810  1160
1494  1512
1480  1641
1309  1279
1792  1894
878  1151
905  733
1908  773
431  1712
1314  224
1907  883
1284  1637
119  1294
750  514
487  875
745  574
992  1735
1359  1995
1587  189
857  28
393  1268
1652  408
196  1991
500  1138
961  113
1481  827
209  1491
188  447
436  1627
304  953
925  335
669  1456
59  59
1063  1653
1376  1309
717  809
1450  1095
1858  254
1263  885
1385  1152
1268  589
375  566
355  1041
1701  293
1945  803
423  1579
1197  1361
1937  1896
325  1522
159  49
1297  949
289  450
44  1224
986  1461
396  1998
1134  651
1055  1445
1109  1489
1133  1741
151  1529
1664  1577
1823  714
1994  655
1115  1438
75  754
540  1463
1991  417
903  536
983  629
929  1140
500  737
1189  651
1937  1677
1992  26
1250  708
1096  493
1268  1987
77  1411
1404  1283
653  1021
1830  171
599  1596
165  1408
1632  311
1205  1795
641  1121
1954  1567
1041  503
1860  542
1907  312
1034  1099
1372  545
1595  831
1659  39
1660  1029
631  510
602  725
1921  881
1805  286
1061  1032
785  1713
1329  1570
657  714
1323  579
818  1433
1293  1514
1225  959
285  1825
1227  1403
1615  625
11  744
1035  334
1168  337
1401  1003
1562  1653
1835  467
141  963
98  1333
465  128
843  1555
1371  1443
1239  209
1677  1907
1286  1916
1477  745
844  585
1671  47
1147  538
1037  304
1202  1209
1448  797
1562  1213
1765  1337
464  1329
1918  107
1124  601
1331  1587
563  153
514  588
624  272
1640  1117
864  1226
1951  194
116  1586
1364  1503
1382  1669
869  1509
1670  1795
1435  215
1055  390
80  1406
478  1795
1806  203
816  435
651  908
1917  1503
1919  1291
1453  774
588  632
1112  1212
386  438
617  1332
1615  1460
520  1567
559  495
1444  1168
568  1221
1108  1504
432  51
646  818
1684  1443
85  845
1215  700
1560  1033
740  1214
363  535
1824  1605
521  1342
1569  1114
695  1675
231  1787
1946  1854
840  1689
150  1255
505  1770
983  404
1496  1689
455  1692
1898  426
999  377
834  426
1538  1541
317  1966
7  514
751  1016
470  1630
1619  855
1885  1467
1268  518
1600  87
1256  657
1646  1527
302  974
1089  1593
1839  1640
62  98
664  1795
990  207
834  1355
321  319
228  528
263  1285
1494  649
12  1729
1047  311
322  1893
1833  1468
1690  1482
158  1693
655  1400
1405  954
172  1437
1954  401
1288  576
1862  1912
423  1571
1185  127
247  716
1282  1417
1357  796
352  236
1581  1823
1612  423
990  1915
1333  743
668  1998
1292  132
597  1372
729  113
755  1623
90  497
1422  1988
1705  394
442  856
1826  1256
500  643
788  283
1806  1793
1395  1839
1857  489
977  189
1530  702
1501  357
277  155
895  1937
1688  330
81  1821
7  625
153  1366
978  1387
1170  1859
604  569
1318  1404
1150  1377
743  158
347  555
1829  1201
536  1780
751  177
769  67
840  473
212  1071
933  610
235  1198
1384  1912
1382  676
1315  479
17  411
7  1222
933  787
750  1054
97  459
1458  1723
236  1220
1317  270
143  1940
1087  50
969  885
264  1582
569  1278
1168  1664
1282  522
1229  709
195  769
1859  321
516  336
1464  1307
1625  277
1725  807
33  1197
377  1659
269  1055
1629  877
1149  909
870  616
1651  774
1326  1078
1205  718
1744  231
111  1846
765  1491
488  851
1328  594
1540  1997
1832  197
1289  799
1655  166
1442  1557
1583  1371
329  1478
1558  917
704  1496
1183  282
769  1761
1939  826
444  54
581  1661
985  1677
932  649
1784  503
368  193
1261  1467
1906  1652
816  1029
351  816
503  1477
1125  1542
731  224
1242  227
1835  400
1994  1796
835  1136
135  1528
839  1533
1617  1997
101  1763
181  1426
337  777
892  1939
1328  472
1614  1006
724  1413
1834  165
840  772
168  1648
650  30
1649  607
871  344
1950  1220
564  10
247  135
370  586
1817  1523
485  1215
1053  1725
475  1031
889  534
952  1326
1371  264
344  5
598  660
933  99
1496  553
1314  181
567  1540
1537  265
1895  1262
44  529
867  243
2000  956
1907  240
411  330
1427  293
1421  731
971  1311
524  902
1354  601
1673  1586
1075  340
1887  1061
1793  1956
405  867
496  967
1967  1179
1025  1819
352  1159
1703  1545
156  1270
428  718
1448  1354
1904  224
868  920
1014  1718
1535  130
1368  1758
1327  923
876  1882
1583  1550
1896  1110
1322  791
1880  626
1987  1789
1508  619
1761  1461
157  10
1074  323
269  1331
1018  708
1724  573
415  371
900  1800
1875  1219
308  1696
427  731
1579  1755
869  9
884  1585
1992  1720
1954  1951
676  1152
107  118
1872  1598
541  1930
682  1332
322  710
801  267
590  738
1250  974
1929  388
646  389
301  1454
860  587
500  1933
1819  21
59  1221
1418  1233
1269  875
72  586
691  764
1873  1727
1001  1929
674  1561
1965  1192
1413  1479
1056  1877
156  619
1100  690
1478  929
630  360
704  845
1630  855
424  434
1073  640
96  1808
784  1442
443  219
705  561
410  1897
185  349
658  147
1552  214
1402  494
469  1399
925  853
1022  2000
453  1080
1058  513
789  936
1575  1373
1514  569
192  639
662  1849
722  1578
327  391
1941  1206
1754  355
390  1241
734  678
634  1739
848  943
780  724
1285  455
1131  833
1254  904
1228  712
235  1107
1863  864
1963  948
124  1665
273  815
1412  49
1419  911
1  1735
23  971
442  1337
1195  1552
1714  991
1072  1993
1581  1709
656  640
142  1393
1000  1731
1295  1528
251  825
1793  442
343  11
1583  681
331  587
576  1928
1305  244
593  246
1338  556
1576  465
1038  1901
206  1580
416  1085
1011  580
1950  1947
1600  1474
67  1275
868  927
406  1593
1419  820
674  1747
1203  2
1200  278
1271  706
559  1612
1981  1021
1558  1091
990  839
1716  1342
1140  1385
956  1017
695  1620
160  515
658  573
128  1265
1331  1143
1151  125
752  1213
1568  462
1069  1165
1737  1612
169  55
1941  20
519  499
1527  675
603  1740
515  1866
1212  144
939  1590
228  1610
1503  795
1559  1285
218  544
488  1475
626  190
1832  231
676  965
1019  1665
1041  437
380  679
732  1085
90  1961
388  1259
489  992
1303  785
1626  631
33  1926
1492  307
608  157
1789  1973
1538  557
90  322
378  468
1190  55
722  272
1089  1958
1662  1730
1124  770
416  1419
1530  975
314  526
1208  895
1897  1789
398  1396
1771  1185
1325  1604
1804  1451
275  1795
1273  520
631  1788
566  155
1908  989
444  1441
1920  1912
1823  870
791  1789
1009  295
1522  125
436  1
1087  399
1117  190
809  941
1684  532
624  587
1360  455
646  583
95  272
1497  1648
350  1278
361  617
1199  1241
927  823
1364  1645
1397  397
1513  1528
38  1073
1196  1796
824  932
216  1054
134  480
101  1523
882  887
1421  1959
301  171
520  1981
365  332
653  100
1465  1252
162  1601
1386  1374
464  1791
687  1730
1567  1587
503  1534
1774  706
213  1493
1172  1386
947  871
594  160
372  1757
1173  656
221  1319
1471  1361
1942  434
753  1382
1097  30
167  696
961  1929
213  298
638  275
528  791
1007  939
985  1483
1508  119
1811  1843
1968  1695
1782  1520
1925  1691
1799  1010
208  1227
245  1519
49  1514
232  1278
1900  909
