1000
1916  77
527  1860
527  1644
1467  892
1638  184
13  1273
1487  443
1073  1376
814  1046
1692  1396
1569  1081
1610  317
811  961
275  1413
35  893
1924  597
1623  1836
324  1402
1925  697
1994  1203
979  1982
812  262
320  1681
1162  1559
151  810
336  506
796  470
1384  176
1922  535
100  1272
968  1732
1919  771
826  398
1217  1764
480  362
1680  89
91  557
588  14
1025  788
29  659
473  794
1323  970
451  685
235  1512
1588  92
691  1623
1418  1797
930  1721
1762  1949
1366  574
225  812
44  1249
1415  1992
1829  1117
687  384
585  1813
430  267
431  1348
720  651
617  398
1080  163
66  1873
1860  783
520  1009
13  1332
892  331
227  341
966  1022
1230  992
1329  1546
366  54
1315  559
830  1221
1340  877
542  1461
474  562
164  1683
1494  602
1604  590
1162  558
328  612
1201  429
823  278
1865  311
621  421
887  963
1137  1436
1037  255
1853  1895
107  45
1378  142
624  541
399  705
1728  1121
1272  595
649  482
731  1338
230  1774
697  1595
1707  517
1652  1384
1720  1763
748  489
954  1579
1898  1913
366  1104
1813  1517
1815  472
348  592
1624  1512
304  379
1087  1394
512  1134
657  971
1687  1670
1405  692
91  1002
311  657
1970  350
42  550
1712  477
1557  322
622  1764
1340  1959
1228  950
1810  1009
307  1232
773  1151
1857  1134
1756  1665
1052  802
1063  1840
1781  1283
1334  518
18  1233
566  1379
435  1574
435  653
1493  1676
516  1500
562  1003
1470  438
1403  341
1996  769
794  608
1698  191
592  1911
363  16
120  1564
1374  1298
956  1158
1535  496
308  678
600  1113
274  1611
1433  1468
761  874
1869  1913
1104  578
1334  1548
340  1816
77  754
1609  934
1640  219
28  1519
1447  152
1742  737
157  518
1237  136
452  163
742  240
411  1615
729  258
894  1461
1830  1932
253  1961
1090  1061
288  732
278  1472
1692  173
1169  866
1496  1775
1473  1897
1603  1720
1866  1472
1049  1261
23  941
1183  34
1858  187
1588  397
1052  445
1335  743
656  633
1238  1099
1477  1821
1323  1966
156  239
1273  22
94  492
1953  1114
581  1748
1897  315
860  1014
660  1801
842  1577
1654  175
1928  1752
198  651
170  701
1183  54
1272  206
900  1455
980  875
664  1533
297  1752
1353  1865
852  1132
1920  1260
215  415
274  102
442  1291
685  1030
1122  501
258  666
1795  155
702  177
1694  1207
186  1732
118  348
1439  1294
1430  1208
1668  1650
885  519
1936  228
523  1271
1256  1910
1430  680
1996  95
1611  1881
1952  188
1139  1982
1869  393
534  1122
865  844
1337  1217
1145  312
1544  905
127  199
838  869
456  834
78  697
1370  1406
1191  959
1311  152
1446  1674
972  1900
590  1334
1792  322
42  95
1604  30
521  495
719  11
1682  738
1692  532
1758  685
1351  889
548  1053
1147  1698
1554  1799
1982  1711
1294  307
1230  184
1926  528
833  1404
1006  1256
244  349
748  927
758  845
193  1413
1540  963
1643  782
1938  342
1605  307
1688  1131
807  876
1105  542
1040  1116
1309  1107
1475  1226
1419  1160
1946  186
1976  376
1023  1953
1888  1057
1411  138
1702  1993
423  1118
113  133
840  604
1301  920
1515  602
263  331
625  886
25  136
1458  774
1395  1923
1884  1133
536  1947
305  225
1320  816
745  803
385  1687
1789  1908
95  1206
581  34
1477  1662
186  604
1289  1668
258  493
72  1018
751  1372
1620  1889
726  2000
1597  1305
1095  185
1841  802
1526  178
1408  608
247  507
885  392
1811  1316
558  579
906  338
1641  297
1639  70
6  1076
461  1238
1974  1969
674  199
1088  416
42  1028
457  708
1573  1121
1076  780
1474  412
490  1937
1225  810
1395  1584
1726  712
109  505
1781  188
1771  483
1630  1651
706  416
1730  836
315  829
625  175
286  193
1459  463
1215  1554
1519  1666
89  835
249  1278
929  1449
1791  1013
56  1000
849  1700
130  809
1807  408
1656  600
1791  148
1532  1111
908  1793
1424  63
328  1030
1013  963
1625  1523
670  234
1355  405
243  623
1840  962
1725  101
1483  1702
1363  826
888  471
1857  904
1299  1926
299  898
736  678
1269  1841
1655  1737
150  209
1367  411
1616  1314
353  765
1024  927
1491  698
1580  855
1621  1174
1339  624
1719  382
916  179
1932  1947
1593  1893
650  1640
37  1602
551  655
138  395
1465  1358
365  698
787  325
1210  91
643  209
649  754
1291  1700
559  605
507  1992
1030  88
958  876
554  457
1636  1055
307  1592
516  1732
1407  734
795  1725
138  1074
1706  1771
1323  46
967  1306
1907  385
871  1677
483  1745
779  1918
1506  1238
569  459
147  1978
1988  267
782  862
376  349
347  237
372  158
1170  234
1044  125
839  720
492  1944
1067  1184
1974  419
1973  1586
1152  306
1234  931
1848  497
873  1679
544  263
203  1051
518  1676
1827  183
471  955
1120  1661
163  1762
754  1115
616  291
96  911
1675  506
1447  287
1338  966
843  56
412  1725
1679  1230
1274  1531
78  1827
81  349
1124  1216
54  112
1913  18
1215  0
323  902
1092  958
1202  427
1041  437
1290  1161
328  457
1881  101
588  1649
324  958
776  1269
1141  1889
693  466
355  58
66  18
1085  167
277  1891
1348  1146
1994  1911
1211  1469
631  797
768  640
1212  1575
1264  1434
1577  1685
18  610
1065  552
985  1602
407  1680
1266  1627
1468  1380
351  1844
1310  1982
1186  1134
1468  91
1308  167
1537  1687
1808  1797
1687  659
1734  799
712  1334
1122  1359
1080  1786
706  389
1584  149
635  364
849  1093
455  744
306  208
767  1789
1399  89
231  1743
1355  1201
1886  574
1870  1260
835  1520
1698  348
1839  1331
590  937
1626  664
1616  897
58  1723
1341  341
1395  85
1848  485
750  957
1203  880
1287  1295
1392  539
1412  772
1359  201
1969  1191
483  1049
1922  1635
962  1562
1274  1600
1271  966
627  1889
806  1283
1190  744
1518  340
1463  1918
950  49
1308  1520
1881  1598
797  558
967  1963
100  948
504  968
289  991
251  136
1451  932
1779  1977
1437  1931
1107  1888
576  1009
1624  1577
345  1382
505  505
745  1343
600  139
1986  1067
1531  1755
965  1492
901  633
108  684
9  420
501  1836
1176  258
1371  746
1902  1698
1911  648
637  1205
590  1060
728  759
1587  1196
602  1336
1236  14
104  1690
1287  504
1426  1479
1931  448
1019  971
304  454
1610  760
89  733
485  452
501  1189
1940  868
664  638
1693  10
1563  385
262  1276
1692  1625
325  681
1070  1731
1969  450
1410  1748
1680  637
332  1474
219  1423
814  1429
402  541
1205  1803
615  401
1121  681
135  332
160  370
688  788
156  1858
92  553
149  108
1830  524
798  1988
454  211
1642  918
167  647
1505  740
351  955
625  488
406  1072
1589  1931
1136  351
1795  1903
371  349
941  519
1525  118
271  581
117  1367
1018  377
1705  1712
1801  325
750  1198
981  539
1517  1698
967  1399
1806  1004
280  228
1758  1895
1052  1584
1714  1418
772  1875
769  174
1947  33
1670  1577
378  1713
1034  1835
1897  457
201  721
1554  783
339  1974
115  1910
1647  928
10  1006
179  1951
1228  1497
1302  1902
33  1065
1850  1389
1139  1689
86  1226
559  1314
818  3
75  1207
1693  143
1845  30
510  1409
1330  1906
238  1531
945  1515
202  1962
1927  1975
454  480
1136  312
1924  1628
939  1521
830  1110
619  1607
489  600
1363  997
824  1061
258  1159
1705  1646
482  514
786  191
1957  1479
1903  38
1494  632
964  72
1638  793
1104  1855
1293  1604
1126  509
11  475
88  295
1068  800
216  169
859  376
1540  1612
1931  824
188  1479
1662  789
163  711
1409  488
38  1178
21  65
1598  766
1325  787
1256  1546
1374  1085
1138  538
876  593
143  217
390  819
1117  1231
235  790
1031  8
1397  22
1249  365
754  1630
1897  1860
590  863
924  1528
1538  1277
59  766
1220  1502
254  1230
351  259
127  1950
1575  1199
1061  185
940  106
1306  1221
1849  64
404  1050
758  1559
314  1148
1381  647
1073  371
1720  1864
1834  456
1533  565
305  355
1330  1232
1095  1657
1832  714
1681  363
248  1361
86  1453
1796  1917
1416  731
801  1239
822  143
622  1337
426  268
1468  781
1596  1771
1698  1142
1727  1666
222  908
27  147
361  1336
311  1434
1956  826
313  1873
225  339
1380  1896
192  1648
254  1863
207  113
550  885
170  268
1566  1765
524  934
542  1289
1970  1478
1367  1794
917  1463
300  805
843  1177
1285  1897
1153  690
1674  395
552  8
571  129
430  1784
1627  1816
1826  1455
1319  1641
1104  1648
1478  127
755  1830
1876  1667
747  426
1887  403
388  403
1059  406
1028  1697
1067  1901
1671  577
229  527
269  964
1899  1934
1321  838
329  597
55  1134
1693  1927
1618  417
1500  843
1777  148
771  730
909  299
265  414
689  855
1950  1729
268  112
490  818
1594  269
789  745
1992  1323
171  1556
391  1773
424  46
620  1696
1688  1478
1861  1785
554  881
808  1521
909  654
558  807
1200  1661
1730  374
1299  1698
125  1790
796  519
169  269
1196  1070
1377  890
1477  1048
217  483
1154  1797
939  1468
1451  1979
1871  611
749  1670
320  1289
1812  229
702  602
715  1486
256  1024
1909  155
79  362
87  941
1091  1492
1368  1729
596  888
1674  192
933  1643
1269  668
1714  1847
1009  1383
1875  1567
358  460
1662  262
254  920
1267  727
1676  1314
243  1895
664  1700
1847  491
1525  28
672  422
600  1689
1299  1870
1966  1552
752  1588
649  785
1891  1492
812  1762
3  628
376  1451
1788  1355
1412  112
331  318
1441  1246
1791  583
505  1356
1573  1110
1089  523
1475  656
58  1697
71  453
1872  144
173  1126
279  1478
1588  1631
1916  1033
541  1684
753  1920
550  918
823  844
18  1699
387  827
1255  1533
1873  385
875  1201
899  391
337  1217
1287  18
1877  1829
128  699
1831  885
337  1637
241  1718
187  1065
564  220
1264  1211
1298  32
1436  238
1449  1912
462  973
1915  1598
1087  1806
1429  1413
980  1881
1406  59
1524  82
698  1444
275  1655
850  1061
657  164
255  1374
752  1144
1098  242
784  99
496  1962
678  309
1556  1964
1105  1660
23  1463
547  836
862  213
716  732
1568  993
1878  178
1841  226
1447  1409
451  383
1058  783
1283  1422
1636  767
807  223
1653  413
1093  1951
69  322
1692  1890
1142  728
1366  1629
290  1776
1175  747
374  649
1148  1644
437  916
259  414
130  815
569  1131
368  1357
1998  995
1675  417
228  1059
1892  1733
1372  217
1249  1029
1014  368
1926  1882
1773  213
1713  63
587  1382
1490  1441
89  900
1779  1465
392  1543
542  126
1205  941
1682  1618
272  1514
