10000
708  995
555  1855
1590  219
107  961
1565  1100
1658  624
186  726
1720  1991
449  1474
1182  307
596  1262
1965  1573
1799  1186
1701  219
58  1888
469  125
844  1726
1845  521
1656  1919
1846  1973
1162  1605
1518  134
585  354
1377  8
1838  1494
1680  1508
1175  795
37  759
964  76
1743  528
299  1160
1408  667
784  1572
1456  694
1295  106
1507  1828
264  1484
1371  26
140  204
197  1604
1132  1510
869  1416
1784  1335
1241  331
1348  1176
825  897
1860  581
822  880
613  719
197  1442
1198  1197
1437  466
673  1238
1922  954
682  296
1698  158
446  465
1777  1199
1328  375
1425  712
1827  1205
534  795
728  1990
753  1112
395  746
1892  1045
1058  1081
254  1172
952  941
921  502
1971  667
1413  584
1672  1512
1931  1177
1500  776
1053  1737
1787  893
919  1973
1277  1923
1807  1137
467  1099
1899  38
826  765
1580  1590
1979  1571
485  960
982  860
395  665
961  1879
1515  177
809  1282
1537  1765
587  1368
1114  856
95  1707
551  1351
1077  1240
1308  422
860  768
1999  467
1873  1950
626  1567
1042  1563
1473  1378
1111  1976
373  1139
1054  319
1730  935
56  1100
1037  321
1911  1290
638  483
1297  1410
1667  1589
1314  74
1977  1920
1971  1622
1444  1596
993  406
317  1810
210  1439
769  1241
202  106
854  201
269  138
599  170
1994  78
213  1914
751  749
843  1797
255  991
1123  1900
492  1287
1873  479
755  2000
1485  1928
727  1806
165  1888
1077  1702
518  189
152  1230
1019  209
1128  364
1846  1970
600  1126
1791  272
1406  1110
1025  115
1711  799
412  720
1674  1005
384  45
1026  1472
398  324
1938  1756
1516  12
1970  524
779  452
1072  1051
543  1356
435  233
1190  591
1014  341
1028  1861
1188  518
250  442
187  1933
1245  306
1374  1262
1443  830
1923  1179
384  1023
1317  1561
894  449
149  438
916  806
133  29
1495  1055
596  226
1987  1777
1664  400
1696  221
3  1367
1851  798
1540  1013
804  424
761  1164
904  1563
711  549
1398  874
1836  429
1711  1648
870  1491
1363  842
1309  1409
1986  1836
551  856
448  212
48  280
969  709
1387  108
555  1059
191  658
1714  729
1027  855
666  176
1462  1780
408  398
1830  956
395  1641
448  1391
1475  1089
842  1912
931  470
333  1159
1190  93
910  1800
1733  1074
1986  962
1442  1211
1420  1090
1971  666
337  1925
1023  1419
1986  736
766  1922
1641  678
1086  542
203  1898
780  790
27  1798
1359  28
329  1289
1694  1591
1701  697
1368  1816
1758  284
960  1160
537  1589
1297  534
1570  181
1634  115
866  1506
1783  388
514  1353
1483  1826
590  1213
632  612
1543  1608
277  783
1320  312
185  861
320  1093
1383  1850
1767  1944
960  1229
34  1810
852  975
1670  1906
1756  262
762  1738
1876  1881
1766  1242
1764  957
891  1375
1178  790
1065  1610
1831  1026
1611  186
415  1007
1762  808
1242  1929
353  300
1656  916
716  24
1012  1724
606  1402
790  1719
1985  860
864  496
476  710
861  1035
1188  320
1524  100
1927  1732
707  685
1015  300
632  819
759  1995
718  1074
1897  1911
95  931
810  1514
461  1627
1530  1076
1959  1538
1514  13
1924  1318
341  459
1623  756
1363  1132
1496  323
1154  904
1665  908
601  873
1521  1230
1918  345
1437  788
1344  1402
1735  1971
698  1866
346  873
393  1693
1713  769
1330  1069
485  804
343  1920
1809  1740
1419  498
1272  563
1877  228
762  7
1838  1191
1864  953
1620  1656
75  957
896  491
1054  581
192  1444
1766  1868
379  297
586  143
769  510
1374  560
950  348
1347  274
1289  334
848  1286
1467  1903
1227  1641
1256  1946
1294  1372
854  1990
1465  1067
1276  364
457  1569
869  419
941  78
1756  971
1350  1953
1393  1360
1447  814
635  1059
1234  1359
941  372
711  319
1710  1525
51  522
363  1155
316  1296
512  1487
1251  798
136  262
1302  1540
500  268
1723  1555
749  835
464  767
258  319
1915  1201
47  826
405  559
445  463
901  1573
280  916
187  1289
216  531
539  825
1527  587
130  1068
846  1104
1932  1806
995  38
1073  711
1964  283
1426  243
924  1956
882  1258
212  466
710  1596
458  443
1963  1448
1622  1276
578  602
201  880
1931  1327
1865  676
111  354
1549  1493
321  746
1313  467
387  470
1394  1073
1788  971
962  978
178  1758
364  444
1003  197
1367  1698
1275  1945
1120  1085
978  435
1976  760
170  1940
33  1507
263  1324
192  1887
1178  314
1917  1974
794  477
1517  1221
1471  1065
617  846
25  992
1856  1777
1847  650
69  21
345  1766
500  405
59  1309
1679  1113
266  99
1349  1019
1970  985
1092  21
563  1906
612  456
118  793
1495  856
193  367
121  85
104  994
1526  1470
1095  665
704  1864
76  1757
226  441
1655  1288
380  512
734  1274
1417  1042
1037  1226
1111  876
1833  686
1341  111
1930  599
1503  1088
305  1963
1185  84
1106  1852
1241  611
50  1958
607  1408
1451  1604
1957  678
931  1978
244  1862
1957  581
1039  981
242  1243
1082  1128
1187  249
1727  350
1956  1847
877  1433
1306  943
63  506
1768  1672
1465  179
1858  1688
1750  1000
46  574
159  1688
1583  682
990  748
1476  349
1369  327
979  1178
1985  1477
1700  1965
800  710
1263  1565
1267  873
1335  902
625  1043
831  460
364  293
1742  1036
556  1591
288  393
74  1042
54  1583
620  1326
315  1808
1652  583
861  1117
506  155
1597  1624
591  513
435  99
543  659
1162  747
892  1105
1281  1274
1499  1661
416  829
1738  1577
1109  369
43  1075
1478  826
1975  1258
1812  1872
837  1184
1829  1031
572  934
725  1032
888  1912
909  1689
1840  373
1939  1132
324  128
1010  640
1523  178
610  1721
868  1508
1628  642
1234  740
299  773
1016  1424
162  589
1674  409
178  719
308  723
1975  47
849  137
1217  181
548  457
937  739
437  223
79  1184
759  342
235  104
862  1995
538  1942
1338  1959
1247  545
635  941
307  686
1722  833
1520  343
147  392
1942  1271
1398  1299
1839  19
559  1226
121  712
1264  1538
751  1164
1593  1964
1630  103
1214  787
532  571
632  1781
1869  321
476  209
105  138
535  1996
99  893
756  518
1242  1878
756  414
1006  775
952  953
685  257
741  1772
1876  908
480  851
1010  1916
1479  1241
33  772
202  341
1577  471
370  1545
811  573
1146  906
1894  1185
1729  150
741  318
94  1957
1778  390
864  1923
915  1010
234  969
1032  1328
519  360
1217  1608
1850  1341
316  1993
1164  294
799  1262
343  1622
142  1169
1299  1837
830  631
1246  1411
1452  1562
356  386
1078  886
1017  1159
1644  1960
1619  1873
1794  1055
702  603
1792  746
1116  1228
645  619
1326  1594
1495  1137
1915  1097
1292  27
783  1944
1217  1203
1190  726
790  735
395  1228
225  799
1087  435
401  715
176  1405
1397  97
280  768
1880  638
541  1128
472  1639
1589  1561
90  1009
1706  1105
765  111
1879  10
1738  685
1432  1250
971  246
1073  1793
1485  910
628  1646
1750  1654
1751  1356
1621  1393
1348  413
1466  143
1161  1436
721  142
1726  1928
592  149
319  1134
1501  422
587  1624
175  1413
940  1190
1914  1754
1579  1839
205  1682
1931  1044
395  262
678  226
1575  1902
1776  1519
148  1243
1668  1858
151  605
1669  342
107  763
72  1316
51  407
1432  1903
1181  904
1647  330
270  1495
1695  1836
826  750
1703  100
961  1294
230  1184
44  440
285  1146
1521  61
525  1345
678  1143
27  1159
384  1400
1491  449
1887  959
987  600
845  961
779  1853
772  1390
268  905
1657  970
1614  111
1581  1172
812  1110
41  753
1150  1096
1341  1682
549  1772
1788  1395
804  1256
1214  865
827  845
1134  376
1854  1520
1060  468
1695  706
370  1143
98  1964
545  973
51  1995
425  1722
1689  1010
476  5
838  384
1983  1207
1083  1563
1282  983
995  1280
669  130
1259  381
1036  1690
448  1829
791  877
1733  1049
802  1264
1384  401
1859  1089
812  1413
114  1410
1409  1816
1118  760
1337  347
1494  850
58  352
1461  1987
1652  458
1831  736
1617  163
1241  1295
1641  629
723  704
1270  1972
344  1896
1913  1249
707  781
1464  732
1571  170
763  183
25  1068
1338  1655
1421  86
1263  1598
1497  1129
1216  1777
823  1578
1398  326
626  107
1505  901
1235  1774
320  1534
941  1134
1393  1710
392  982
824  201
690  534
1998  1893
1429  1994
275  222
1801  1911
1528  1416
996  365
271  946
1550  26
847  726
962  839
1750  1411
929  1500
220  364
789  1162
1225  1345
876  837
656  880
1722  20
349  1873
1493  908
1366  356
1407  1291
1048  1535
1572  173
540  394
452  1489
775  1317
1292  1309
1385  627
1487  1029
989  1204
883  104
1547  894
160  1278
954  204
616  1022
1803  901
857  1801
1383  774
1584  407
1806  1267
1527  1234
1758  1656
1064  1548
1106  1162
1420  753
1644  1275
1983  774
765  786
1174  144
1560  1204
893  1374
57  1408
1807  526
523  4
389  108
1097  796
1728  450
1172  191
46  1994
744  1251
1734  1200
636  1596
223  1000
64  341
929  1185
738  1863
432  613
128  1003
410  1178
806  969
2000  731
231  1315
1406  211
668  268
1801  1739
1919  1045
1204  658
1156  1828
350  804
807  1720
1471  1244
42  620
1527  396
329  656
162  1809
544  910
552  1497
680  420
724  1519
1787  1899
225  318
5  520
716  1139
1721  414
351  107
1650  1863
1633  1472
1175  511
601  1874
1529  295
1631  1742
481  539
1795  879
1907  1706
331  65
12  1799
1925  601
986  547
244  1380
1504  1694
1938  212
759  1912
1241  1822
837  1305
149  1926
840  1588
893  884
1283  731
1673  434
122  660
1485  448
1247  1809
797  1381
950  217
812  316
367  687
234  839
457  1372
1928  1075
1009  1486
1667  1009
1748  1327
462  1304
327  1075
1687  919
509  163
1248  589
1174  1371
433  238
550  724
826  834
1185  305
1488  1131
839  1654
44  1850
1027  91
1279  1979
1384  1031
295  1514
1228  23
170  1590
567  1806
1900  1467
622  1352
460  1360
1268  198
966  1332
1569  645
1634  395
518  152
1960  880
1624  821
626  1834
586  747
495  1486
920  915
1476  404
432  1815
1545  112
1766  1051
1314  1599
706  1690
682  1752
1790  992
1098  805
1906  1781
1496  703
1494  1024
1212  1238
972  878
1953  1221
550  1784
215  795
426  1756
47  1196
345  1574
1352  629
1922  341
1099  402
178  505
663  1262
616  1735
212  1247
940  1944
129  195
1435  793
668  1461
131  1399
1836  1147
892  1065
643  648
105  142
494  649
1190  512
1354  1892
761  814
1393  529
539  1377
699  37
1604  886
1362  901
1091  754
1389  1585
1835  253
1268  1194
692  342
900  1656
409  338
98  1018
3  309
1225  1967
23  1207
730  1856
1533  816
424  1907
1701  112
121  832
1335  69
1678  1294
205  935
391  1458
1890  161
1173  94
1984  1181
1206  1639
1302  1740
1771  23
1905  1775
1738  893
1844  1051
1309  406
851  271
1386  710
460  1305
987  1250
1194  1834
1552  828
1955  323
787  1967
332  1950
869  985
1853  1561
1687  85
579  777
379  1652
710  292
588  260
1617  1637
341  1506
843  1943
1979  1574
1580  911
930  1750
111  851
1387  1135
73  747
859  1177
1868  71
1561  66
910  871
1297  1571
144  143
835  1071
800  148
149  61
1784  1454
727  1474
453  1597
542  1065
1797  1437
1266  323
1030  114
1673  1609
1435  846
787  49
1897  1164
1029  1663
792  535
1820  448
305  1774
1244  901
1429  1674
1186  202
732  686
476  1535
613  143
504  1985
553  1963
1758  712
1914  669
1785  1466
1495  431
2  526
1309  1235
1223  1579
1894  811
507  1933
1153  1345
288  1121
1256  1250
1083  1225
1026  1548
1670  1454
955  340
786  432
1405  733
1103  1330
160  567
1991  1891
1344  1627
275  689
165  1605
1492  858
714  603
941  1898
1558  1547
29  1151
1356  1742
129  318
1804  1552
176  90
1547  800
929  1801
1595  526
1280  2
217  1357
1803  465
1004  802
1052  478
216  781
1173  1903
1144  921
810  1278
268  1496
1330  165
1776  79
253  1501
1235  1557
1831  1422
922  926
720  64
732  909
251  180
1655  657
674  762
1812  575
617  1646
1818  1081
1840  494
1097  1097
146  639
17  573
14  118
520  1123
851  427
466  1182
586  1071
271  600
769  1858
123  1183
1712  1875
15  1310
360  58
724  78
1675  12
977  1053
1872  120
1768  429
523  451
679  46
353  224
619  1915
154  1399
1578  701
234  1590
742  637
217  438
826  1191
499  1797
1987  550
139  652
183  1662
1068  464
1212  786
1835  1451
1886  144
577  927
292  1314
627  1179
131  733
1286  1300
1636  943
1315  16
775  1829
1397  1522
1105  1710
76  1178
1103  360
268  1364
344  1579
947  1354
1238  130
458  1981
28  334
1332  112
1643  683
1181  116
1181  555
772  743
1193  569
18  211
1883  894
483  1381
1443  1917
479  1148
370  1297
457  82
1182  416
1859  746
1545  776
730  1319
1303  713
1072  920
1024  525
1078  1224
586  1533
1589  381
1701  1961
132  288
400  262
1232  424
1344  1413
815  181
1472  1917
1707  1948
1889  273
213  1983
1920  919
1284  985
254  1305
1201  1811
1606  247
92  778
1970  1637
612  1994
1738  7
1332  1028
945  151
538  522
1146  1006
1416  130
1032  733
371  1396
1175  1888
830  812
1083  771
1544  1743
1002  1993
1830  1110
1815  777
381  624
1481  1687
1672  1394
1763  1250
93  450
743  1111
1824  1268
1902  396
1054  260
1324  314
1581  1938
4  1147
1473  605
1135  1369
1637  1594
1272  398
1435  1760
26  651
957  442
1277  1823
12  398
961  1382
147  1715
1052  1272
497  1496
1701  1721
588  717
547  599
1393  506
399  1411
653  1842
1701  1411
1  988
1487  1233
214  786
990  1317
339  57
1260  1564
192  1501
180  62
260  953
725  35
1999  1532
1616  664
1414  1641
517  1905
428  1616
1389  552
1433  1878
393  1996
1165  969
1983  288
1722  959
1143  1766
1549  1474
242  1035
1490  492
1640  1327
1951  632
1651  317
277  1347
45  1891
831  552
1567  1263
1428  279
1913  1688
118  78
1869  1204
1655  1405
1172  895
395  1754
1238  1107
1676  1875
1797  1040
1445  1297
152  1582
929  2000
1737  249
408  92
1368  1460
858  1847
685  38
1703  420
1880  228
172  1131
1953  1320
605  1020
947  774
947  1607
423  1343
50  157
80  309
429  1323
227  1380
1378  1837
815  603
49  300
925  442
456  502
758  1600
24  287
1064  267
1520  794
1696  1683
56  1759
1809  172
970  678
1077  156
1797  1523
950  1367
1621  733
1529  264
766  1412
812  1173
13  651
344  189
830  1988
1566  713
1176  1226
1908  253
1550  532
53  880
478  1385
1590  1537
781  1665
1661  1330
443  1687
1147  440
1187  585
933  604
1449  1432
1595  1661
661  402
684  1336
419  872
1174  1405
1879  372
1770  1873
1529  1051
945  1763
1123  788
639  1265
1205  1967
1917  1156
96  159
72  682
1242  369
255  1555
591  1990
346  896
838  628
1631  1668
495  1523
1571  185
493  1740
1633  1258
440  802
464  1085
1329  1163
348  768
1266  1554
8  755
461  858
1059  664
1241  1347
1926  1972
1757  462
874  1005
1761  1965
1724  1915
803  348
393  378
1377  223
795  1133
393  819
183  1247
1787  1177
333  1606
322  1056
1428  1812
1804  1723
1975  1990
459  1584
70  734
1119  1858
558  1842
149  1642
1132  876
1517  238
603  1206
369  289
261  692
772  1432
1418  606
407  16
1428  166
1819  1034
1240  1223
716  303
234  1302
229  389
270  1449
1059  1997
1931  1007
530  932
586  199
1346  439
1309  930
1634  1442
257  1745
1355  570
1447  706
916  151
1144  1334
1700  961
36  552
110  274
1665  145
159  1161
398  1524
1925  473
287  1882
369  833
433  1637
22  496
401  1116
1651  1897
0  1460
1199  1535
1659  1028
1320  1685
1047  1433
1466  1955
47  1268
793  1136
382  1048
1663  382
1857  1372
1091  821
778  1664
755  440
1358  605
504  291
1737  1841
1550  1946
1489  399
703  1977
175  1307
769  225
770  1806
1233  1922
306  1700
851  805
1122  13
1103  1905
887  1162
1190  976
259  818
1700  958
1487  877
1629  401
1940  17
1052  1111
846  1900
628  1874
1591  1645
205  1543
1908  1822
193  1982
791  1193
1700  1439
602  1960
1749  151
136  227
44  866
726  1912
971  675
1370  1448
770  745
885  1962
863  1202
863  1148
34  296
475  1688
814  186
875  463
1811  1386
925  1458
1634  1478
907  336
432  1185
1080  183
1722  1276
286  934
162  834
3  13
1728  398
1918  1095
333  771
1262  1027
793  159
874  1109
517  1889
1406  672
433  469
1950  1973
1686  1821
1569  815
1312  811
1934  344
1739  111
904  116
1696  311
184  1718
137  802
909  1629
75  512
1727  556
426  1822
1868  261
621  1629
615  756
1834  1043
153  819
272  212
1470  1389
1732  261
1171  715
1395  1096
1583  1276
803  1629
222  855
833  1301
475  1240
738  67
649  934
627  1458
768  1861
1982  1469
1878  177
35  1876
593  1296
1074  1231
894  1290
1535  1120
743  1013
1586  1695
1378  1532
1808  962
37  233
561  1571
1778  292
1336  1812
106  1095
1302  1914
463  1455
661  1783
624  1312
1172  1209
198  701
729  1528
1775  1751
233  1924
282  825
485  1611
1049  532
1179  1679
670  1116
1878  394
1426  1465
327  646
698  968
663  1882
459  285
1002  1514
548  568
1467  503
179  549
198  859
1446  731
395  1140
1355  455
404  1319
478  1514
391  934
1867  917
202  451
1382  1945
369  732
1964  923
1233  1979
92  195
1041  807
1222  534
1623  1802
414  1164
243  534
351  1460
1728  25
1051  1703
1413  1586
1320  100
1043  57
24  1383
767  1375
1147  1649
118  1508
1555  975
816  762
1763  501
839  22
915  1416
403  519
182  1379
209  1810
1533  488
554  491
996  1357
368  1047
521  808
1315  581
1071  1972
1038  478
1128  217
1216  1899
1285  92
937  1261
453  22
878  935
1162  192
198  1300
978  986
1009  1489
385  1768
936  1359
450  1362
1331  1689
1414  528
1231  176
173  1290
325  1466
1839  96
1681  668
32  334
1271  1164
593  1525
193  118
448  109
1204  76
236  911
1712  1614
889  476
49  266
429  825
285  485
603  1260
496  645
636  354
1805  1885
1441  1292
660  1398
523  893
1727  1156
971  1835
816  1742
130  412
1128  1405
1721  382
1815  1737
1186  1367
1614  405
1339  1140
1704  295
1953  1269
1918  805
619  1890
1574  345
1278  1482
363  1175
1190  1706
518  724
1937  989
525  961
1005  1249
1370  90
73  1783
162  1967
1625  964
281  1848
1055  891
948  1089
946  1879
1748  527
404  1666
948  1223
1427  1996
910  1664
667  1454
1677  848
1637  1468
236  595
410  122
1023  861
1594  1647
650  1356
503  323
905  1466
562  1110
1673  1772
601  656
1584  1218
1662  1137
1249  1981
692  1426
1389  86
1661  955
1732  965
1556  899
519  77
1188  1520
1965  195
962  1348
1320  1044
1709  538
123  1755
1671  456
307  1385
1861  447
1816  60
663  1288
933  1585
949  258
1261  1878
308  1000
846  628
1726  685
923  151
604  1452
1550  784
1843  895
1505  1930
896  948
1585  865
821  403
941  1640
1182  1135
806  1912
338  889
1116  1834
1836  1886
1057  1696
1255  832
1584  656
675  1547
1215  961
1070  671
58  823
1942  1970
1768  514
805  1538
1354  426
1042  730
1739  1647
916  90
930  271
877  1813
699  1735
505  624
993  934
1152  272
1020  1771
632  242
1158  774
1468  380
470  1955
1664  162
1290  282
953  1889
1013  855
983  1731
150  1094
892  746
218  270
449  822
1776  678
1693  1843
1974  802
835  832
618  612
514  799
280  1858
1149  892
535  1427
1585  1319
1838  1751
360  1799
1050  1551
1756  657
1095  863
280  428
487  7
689  1825
171  1788
234  810
1537  288
1627  1755
1190  57
1468  734
220  195
1234  1114
868  1631
192  452
1106  587
643  138
1334  448
646  241
1034  541
1827  98
1174  1881
117  202
333  236
1046  1897
590  768
1369  54
1192  55
1660  551
1634  881
1889  621
1951  600
884  449
1881  961
105  137
1943  1234
1591  219
1393  1089
1937  865
1883  1685
195  1514
959  321
1908  1302
756  339
1908  156
799  200
90  1080
1068  885
1844  1006
1535  454
87  103
286  1963
1018  544
965  207
1471  1518
945  1196
261  483
947  692
1636  326
588  350
1515  1152
1211  1032
220  1792
846  335
837  1164
1045  704
425  768
1382  133
1294  349
1198  592
51  859
957  447
895  1632
1624  554
1543  135
687  962
1282  727
1988  1428
1712  1283
1303  1581
388  1477
1109  460
570  1594
510  886
1069  565
1023  1846
375  849
787  744
207  1523
412  1081
311  465
1582  344
141  1601
132  1628
707  407
1754  1853
1477  1171
661  0
1314  992
1432  644
1827  434
1776  58
1940  1537
498  81
903  1763
466  808
246  1646
1249  1647
1927  1660
566  416
1382  936
636  847
329  324
601  1884
1911  555
654  578
1308  1235
1113  1629
24  897
681  971
1862  808
94  405
281  1807
1610  693
825  356
1756  1965
1499  931
1739  1690
786  450
1337  630
1310  1090
1280  522
1136  1516
1928  106
373  1053
1285  1112
1610  638
595  649
975  1255
1911  672
1898  1613
476  56
502  1209
1031  1145
672  75
466  257
247  1004
910  830
1155  1577
1161  1987
804  1091
1493  1741
1263  1539
209  1128
1989  768
88  1225
1584  1838
1446  1681
332  1151
1367  748
549  1521
1674  1204
1629  723
1975  1228
1682  745
108  1069
1019  350
210  1675
342  940
778  977
1815  1787
1033  1584
705  1410
960  836
418  1761
966  490
317  1994
951  407
1351  11
283  260
138  968
1191  1115
234  613
561  1794
540  1528
1530  969
694  56
1047  1392
737  231
636  507
1652  441
198  1652
806  1858
1340  1340
843  1759
746  1087
1088  1323
1757  341
330  527
1032  707
1849  1789
1657  799
48  1695
1075  853
35  336
1182  1475
184  828
822  1811
1438  794
325  1709
440  338
1514  1730
1977  1825
797  233
527  710
1282  1847
1247  103
1576  985
787  1204
1632  1416
783  1029
1324  1325
1755  160
747  279
533  1442
1938  729
1002  1889
369  1722
1215  1192
701  190
293  1586
728  1354
911  1189
666  1679
572  1745
1833  1145
1576  469
167  337
164  1145
1014  1665
257  1333
1870  23
845  1761
608  307
251  1525
1317  235
1807  191
650  211
474  295
1937  1058
396  424
874  646
550  902
1912  819
1198  1515
912  635
744  1294
1877  263
636  1495
591  681
1575  481
825  1476
9  240
1098  1543
431  934
1964  676
1986  1532
1693  48
1002  1676
1546  791
325  1740
1311  1114
1520  1843
421  1546
1865  150
1364  1783
589  1205
1704  1462
353  304
26  1858
1378  988
1273  1197
1021  759
1272  1821
1590  279
668  1712
719  86
966  1015
630  1606
1136  976
1252  1420
1459  1009
1490  1199
165  19
1511  1492
1730  335
961  1580
1266  1114
1643  1134
1131  630
1269  850
797  1344
1154  1208
1678  1378
1878  1189
590  490
659  1244
640  187
652  645
520  703
1076  1552
1631  957
1814  73
613  1377
257  1944
105  1326
1628  230
1643  1049
1107  1295
234  1774
691  1630
1058  266
134  783
1585  328
189  405
1604  27
1767  497
277  1662
1082  985
1373  679
1704  404
426  75
629  76
393  453
513  1819
1428  1511
1248  114
529  357
1854  1799
871  1785
1577  1
1596  240
197  638
1084  619
1216  880
236  765
1825  885
1713  1345
1520  1360
280  695
1340  818
135  1682
1655  1131
488  421
724  839
948  1635
15  1712
330  959
735  1383
689  1562
324  1246
567  436
654  1955
406  1215
1329  1910
129  1505
830  825
1282  922
1069  1244
1608  757
1387  1699
513  148
1758  1655
107  1913
1630  1487
564  1772
816  625
1991  1949
1571  1181
1886  1372
1387  1198
1784  1619
1048  782
853  1592
1732  1208
1143  520
189  638
1063  1575
528  1429
702  682
458  362
1465  819
1692  1005
726  1277
1527  1602
257  1858
465  734
27  212
477  1153
910  623
466  91
1770  1410
351  522
1987  416
1196  441
1046  1815
681  283
137  565
1967  1744
1614  251
767  361
369  1814
1709  310
58  176
802  1178
1182  479
960  679
1862  1996
1927  1227
1265  1374
1970  1896
1448  32
437  1821
914  1236
256  1970
1532  566
666  1300
1060  928
908  1443
399  128
1410  1239
1193  739
329  860
928  1989
282  832
1479  723
1757  1786
649  1914
258  1672
83  1450
1173  1362
36  189
1363  151
1600  1435
1877  544
1213  665
1910  1551
1352  814
1179  708
570  577
730  84
1888  1893
489  1946
249  97
885  699
1706  1810
359  1521
871  817
1657  1034
1926  168
1042  1757
113  1277
1652  1044
1823  226
636  126
1634  570
1150  431
1961  1465
138  1364
712  1181
310  514
1880  1493
611  788
133  1990
227  324
1283  943
1305  1172
1698  115
925  1288
1873  1672
743  1656
1463  82
1977  499
1623  396
837  149
450  168
464  795
789  1709
1474  1876
1800  499
123  962
339  426
993  108
1109  1248
980  23
1203  588
932  643
1425  1268
1891  865
1867  1496
941  1874
1718  1668
1010  66
1590  1193
207  1579
1527  1363
1482  871
40  915
651  1547
504  34
329  624
1033  676
1217  1268
1696  1049
1533  702
1008  955
1549  1565
118  1687
966  725
394  1106
1456  946
1771  309
857  78
1371  1974
381  489
1983  249
195  1279
1911  1964
1141  521
1715  1041
1338  1630
727  1738
1777  388
221  907
1794  414
1214  1171
836  673
369  235
968  165
1326  569
1558  1265
1436  1649
842  1187
1866  1677
1569  1210
1350  1218
1296  1920
791  919
244  239
675  251
1784  129
1422  1598
1116  85
379  1856
1536  1109
648  872
1358  412
1538  218
145  1245
903  349
1884  430
1007  764
360  490
606  398
1384  1603
1745  1111
897  1787
768  1523
879  1905
359  151
1358  703
711  1311
120  348
1141  1402
940  1463
1843  1270
1687  1543
1684  485
1944  58
1476  222
1298  936
1741  352
1809  228
634  1625
1961  1088
1997  1455
1313  1385
542  1527
1965  746
563  1647
1880  176
245  971
774  1786
1538  1563
58  859
198  1938
1965  1719
1329  429
102  1763
1970  448
1034  1231
1755  1993
1260  1059
1652  506
7  852
529  1752
304  7
337  350
1673  124
436  1376
1064  1516
1642  1788
1491  1989
1835  358
298  314
714  1448
159  491
81  704
1637  961
1129  843
459  1542
137  1232
1021  1779
578  1228
1307  64
314  920
1965  1726
1064  43
1007  1192
438  1798
1443  1539
351  1325
1968  1171
1911  979
1041  707
1864  1528
1926  1252
214  1137
709  1019
1250  1907
1270  235
84  1454
1262  1110
1231  652
671  1286
1269  1561
1604  1686
1625  132
1251  779
493  1267
1036  855
1146  110
1175  1822
975  1706
1406  1955
1208  317
223  1471
1899  799
660  1718
1305  1399
445  484
967  1093
1248  571
1517  1382
129  56
1790  603
360  39
527  1620
260  1462
798  1881
1964  1876
791  81
1529  1870
1163  465
1905  581
1077  211
681  979
321  513
429  1529
528  1818
1110  1118
1090  1732
1304  1936
302  1779
603  492
1101  1643
149  726
727  1181
1397  1232
955  1631
504  309
306  1360
317  1342
1665  250
47  1533
658  1498
1223  930
1249  224
1547  575
889  1028
1162  1580
728  1175
479  292
1863  266
1577  1834
1375  1669
1059  1016
392  1541
31  158
1243  751
75  725
449  1383
675  886
716  593
564  8
452  1202
159  706
470  507
1915  1640
1842  555
1386  1839
1896  1761
336  1908
1996  1289
1599  1600
800  1889
1624  448
620  676
95  1447
1442  610
957  1606
964  829
1392  1633
1358  1780
1046  933
714  1415
67  1575
1293  1930
1113  1637
557  962
1095  705
397  12
498  1878
1209  1977
1358  743
777  1630
726  537
1021  1646
1392  60
845  791
1600  882
441  1782
79  420
160  482
1935  242
444  919
941  1998
1763  1731
863  1575
1682  1304
1712  1510
1323  1123
1697  1122
1628  1062
1316  97
714  1794
232  1749
1677  727
1317  1907
527  1523
49  931
22  1002
1016  1487
1384  707
1069  793
46  525
166  1339
1471  1597
1736  712
1558  1574
1549  1119
1416  1332
173  1039
1603  641
132  1465
1399  1369
1212  331
260  1859
609  1431
1948  603
482  1183
1114  1543
862  1608
581  1678
1562  88
1698  93
922  275
1193  1644
1363  86
1159  1855
555  637
1557  1003
1604  1981
623  87
1127  1445
1065  927
1832  777
1817  1334
487  413
836  442
1775  143
1671  70
1574  91
1393  1032
1406  87
1793  1552
1437  1807
708  1475
0  52
1405  1005
1938  1809
515  161
1404  758
271  627
317  1925
1740  1507
793  721
1450  965
1141  994
302  1026
850  374
342  1321
1370  1551
189  1996
895  1076
1541  634
154  657
417  1194
481  1624
1921  515
1046  169
1358  736
1809  479
1719  1356
1579  1519
1483  1547
504  997
698  1203
363  480
647  1963
524  1424
214  1697
546  777
1546  1440
1073  848
1076  390
1030  1522
114  145
1833  57
1578  781
1742  461
1496  23
830  947
800  1964
600  734
953  1075
753  105
983  829
1947  701
951  948
157  555
1514  637
1128  466
1580  1714
770  1086
1991  173
358  1360
402  85
1767  33
1029  1845
777  1642
824  311
1605  802
460  271
165  1521
1725  652
997  84
1419  1909
1670  1340
1317  1742
1345  760
1760  523
346  864
634  630
1292  1106
1044  809
517  1244
1528  1918
580  1916
242  746
1353  1271
489  1941
581  31
991  398
394  1762
458  110
1534  1797
1650  815
840  355
1007  589
1258  1807
737  1679
848  648
1412  747
1668  1445
982  1569
561  806
532  1629
1018  101
1222  804
898  92
570  816
811  554
1714  260
1654  1328
114  1128
1348  719
729  118
1718  1219
874  1908
1673  1490
600  1013
1844  1710
521  497
1082  360
1310  211
1931  1474
638  1562
793  111
433  1615
1960  969
1534  1006
137  104
1642  1338
1001  520
170  1918
733  177
811  1643
611  1816
920  812
1481  1432
637  677
1097  462
431  1893
1330  1755
792  1781
890  1596
308  553
1934  1007
589  808
1078  249
227  1547
140  1123
526  284
263  1507
669  1859
1806  576
331  1641
523  440
149  1562
685  532
1871  305
1856  1775
1474  306
1952  1312
1233  1692
68  531
617  960
960  862
1947  1802
578  1150
1516  798
945  1452
1647  735
684  1205
763  307
1231  54
400  1406
1257  935
1451  1086
1220  1512
42  65
1468  897
121  1521
1650  677
250  825
257  1307
1729  1115
220  1201
1496  1083
1233  116
1480  1392
1086  63
640  345
456  1214
1842  1723
710  1377
857  1288
103  229
1512  430
338  878
462  784
119  1161
1341  1164
620  90
359  1165
430  30
882  1978
690  1932
773  1301
361  1176
1608  482
1565  900
1684  662
1478  999
668  1915
381  213
142  480
87  259
1830  994
248  937
142  931
647  1247
1219  1407
626  1727
641  228
314  489
1099  1987
5  441
158  1933
902  1651
1393  890
895  408
298  1556
1269  215
340  385
1828  1648
459  1441
1407  1339
1896  1737
991  1090
297  776
1101  1813
1811  30
1491  595
601  979
1019  1890
831  1964
96  610
935  1065
1628  1514
1998  1408
1281  166
1073  54
84  1180
849  426
584  1515
1900  419
1324  1895
1141  975
384  1685
1407  862
1459  1804
23  670
1259  1106
1891  1595
1003  100
1308  381
1311  813
1334  1855
1654  1455
531  1709
861  1810
762  276
1578  1616
1551  1831
1900  935
862  1368
1926  1098
975  521
794  1925
93  1957
1166  1476
591  1243
1749  514
976  350
712  475
990  886
1794  765
1801  122
1962  386
639  1505
1562  1411
576  846
1762  561
990  1809
1853  268
685  61
1584  1075
1799  1578
498  1749
980  1178
734  1045
1452  957
1357  1872
291  1747
649  1530
751  1006
5  447
104  1869
1703  521
1788  670
766  784
1918  1185
682  1573
192  1108
1359  460
1030  131
1282  808
1620  1895
335  213
206  1348
1784  1597
1022  356
638  1012
980  763
612  1657
1122  173
4  1672
377  1124
504  1770
1047  144
484  1968
80  1967
1757  1238
366  1641
1978  1102
948  705
618  786
1723  316
1161  1052
1109  219
1880  1506
351  989
1302  1536
892  490
761  745
1128  993
612  1011
506  1328
1665  704
1765  614
37  1818
789  56
1050  1472
1353  939
84  1097
269  1854
747  1530
519  1371
1159  1160
500  583
215  1205
118  1571
265  634
868  609
1384  731
1665  303
1172  200
1746  1088
1536  1875
998  1797
600  403
818  169
1065  482
1567  1221
1953  571
1316  1011
807  1479
227  1231
615  224
1168  1682
1465  604
1721  1855
688  1205
1796  575
1933  1164
600  322
1043  1012
1471  245
1234  711
866  272
1366  113
499  1323
562  1531
1376  997
1828  509
11  1671
1209  1710
779  1293
1787  700
1952  1882
95  1849
170  926
22  412
1185  1026
1678  189
1461  828
1685  838
1054  1762
19  1967
1996  757
887  1231
731  115
704  1883
775  1379
1413  1732
1121  1057
589  1200
355  195
1553  488
1225  1874
1206  332
1128  1866
1758  949
1238  269
1959  915
182  1886
1589  339
59  249
1569  1648
1224  893
641  1954
352  1920
122  1423
1336  604
1329  116
480  1072
134  772
1632  1705
1645  1548
303  244
483  1248
1430  691
871  281
1562  139
1380  1615
1156  1619
445  780
487  1463
360  1651
1277  413
647  1039
1236  1775
762  639
1923  1285
54  1579
1155  644
405  661
1548  1731
329  863
1504  1520
140  499
1067  90
854  681
1993  649
832  540
1474  326
1943  469
639  102
1996  140
1436  396
1079  1908
705  1365
1782  841
487  226
476  379
401  1252
1493  861
1455  1821
1265  1385
1842  1155
345  1407
545  1817
972  202
825  784
636  1592
1279  73
847  856
1520  1063
89  981
1702  1503
1541  1438
1014  466
1880  987
328  1992
1375  884
716  754
1190  844
862  1439
1613  1806
1265  490
907  197
1918  626
330  399
803  616
1213  1582
1252  799
1130  849
930  1031
400  1810
393  157
406  334
532  333
1033  949
1873  1980
471  1851
123  25
375  438
1073  1642
1638  464
288  1769
683  1673
1507  81
138  365
813  694
72  111
968  73
1195  283
544  147
1796  741
332  1712
56  1570
1536  1200
202  1192
488  1351
1762  222
1742  1569
92  224
1513  1655
1560  1614
221  1717
693  1569
552  1038
204  1124
108  1842
652  589
1237  1019
633  887
89  163
988  1988
1480  791
1718  1651
1093  1734
612  1327
277  734
1008  715
1023  1248
738  312
1966  1365
1612  48
1161  1377
1261  60
1772  219
1408  6
1910  854
1184  1597
598  1511
215  543
1391  540
292  136
1191  1014
1211  174
472  545
1668  202
743  26
95  743
1572  1890
1050  1339
495  1614
1802  36
1928  327
1486  1369
823  882
597  181
739  1422
1782  448
1038  17
1310  786
65  612
1698  208
1394  338
504  43
1616  100
994  697
1627  1616
67  1005
952  215
95  1616
272  893
518  258
1410  645
976  598
859  1216
1936  1491
743  23
353  1883
950  1016
802  248
386  1220
456  752
245  1112
1032  973
1072  1035
523  595
167  331
327  1981
886  725
1831  1923
677  1245
1418  310
1913  1273
997  1849
155  1708
1441  1114
966  1280
107  1597
1652  1946
1707  1680
1892  1140
194  218
624  966
906  919
1248  986
161  433
1626  627
1577  1817
946  871
1280  130
1440  1977
1251  1156
14  652
935  1290
148  1598
1352  1434
1197  559
664  522
489  508
1688  253
1175  151
1646  548
1081  997
1191  950
703  1850
324  344
103  207
305  1270
1680  1649
29  1702
1771  865
1314  1118
1035  37
96  448
856  1062
1234  971
1463  198
832  628
1544  1793
1614  915
1095  195
1839  364
1092  771
607  904
1845  80
614  458
1918  1697
384  1751
1186  188
672  776
1704  1550
1296  1368
447  1053
1422  1681
31  815
350  176
1824  742
744  641
346  347
994  1500
628  210
1822  678
930  1002
1599  844
563  1072
292  717
861  169
1662  587
586  1462
1395  1479
1452  1931
1930  1698
835  206
1349  1340
663  1220
917  222
136  340
748  346
603  1755
1420  1987
597  906
861  1744
66  1351
897  597
450  850
1306  1349
802  828
535  1837
15  1183
745  424
545  729
999  1571
294  1182
1266  681
1555  1335
1401  468
1561  982
880  871
1541  1524
456  799
1861  87
529  1941
1310  1575
1733  1933
70  1108
829  608
1172  158
693  191
828  153
299  392
982  943
1906  1480
1124  612
499  814
1464  1545
1588  410
1298  547
1519  1564
1962  1120
597  1255
492  1963
1495  1776
164  890
531  1206
1647  1407
871  75
979  1918
925  1591
1662  886
1089  69
102  1792
684  834
710  1992
1419  1157
1089  538
139  1191
1817  1429
719  258
1113  1648
922  1389
600  1283
923  1343
222  572
1770  1693
668  1550
351  1743
819  868
425  1678
1970  579
1106  823
990  824
1828  1836
972  1360
1911  104
1262  836
1668  1243
758  1369
227  477
167  1913
838  1158
196  116
1349  579
1037  1626
693  332
484  543
1667  1912
1997  1876
198  979
1078  716
234  1221
1431  503
1462  1165
852  1807
121  556
1494  864
118  61
37  967
1830  1382
1088  1565
1850  124
1902  1072
373  789
867  1635
427  183
529  306
529  502
1765  406
469  120
1519  1065
1614  488
1631  419
684  285
956  133
469  214
1912  832
1797  1130
701  1013
1085  1630
1971  180
479  1255
1508  1767
1144  884
459  1758
1870  1240
281  1410
908  1804
1720  1049
1937  973
1258  405
628  9
386  1954
1249  967
1545  1693
382  971
360  1224
1036  1991
1350  1053
218  1063
734  802
1384  1410
262  148
1707  952
1753  921
958  1951
1  338
1755  451
825  812
837  799
142  541
1158  1597
1578  503
1517  1750
1896  1448
873  1282
1268  852
276  1522
1596  1852
1021  1546
1792  1752
208  581
442  1681
95  327
77  536
203  531
1844  1507
754  1981
460  255
59  1418
849  801
436  1306
550  1860
1688  868
1759  1926
1200  1496
1649  490
1224  966
121  1972
276  1081
742  269
1772  1367
7  1095
788  1511
992  1743
1934  648
1760  314
967  1094
748  248
59  1579
1967  908
1869  1583
1047  692
184  1352
322  1901
1731  1579
1228  1072
135  48
1207  1766
145  1936
41  143
912  1331
1792  1517
1846  1340
501  917
23  1677
1703  1133
882  547
221  1476
129  337
350  1873
809  386
1595  1793
1368  124
764  1872
859  1173
522  1949
613  471
1967  1056
336  1146
1826  98
500  526
1646  1700
1036  1481
478  1648
40  1967
1795  1442
371  1486
1515  1414
602  1181
1036  10
1414  1530
1410  1085
162  1925
1812  1854
1546  1244
1999  1475
1737  498
1427  289
1705  1313
1614  1029
928  59
1056  1393
1882  1043
308  976
597  883
1202  1975
987  687
1189  967
517  1283
1091  986
1584  1810
409  1603
1481  400
207  12
586  1220
974  1756
0  480
1634  1299
1079  1222
490  869
1454  53
966  444
1219  694
1850  805
683  717
103  625
284  543
1932  535
1574  568
182  1219
316  282
691  81
796  1056
890  1706
1086  1011
645  1775
1565  890
1692  1145
627  1269
974  1440
89  947
1914  1731
977  73
1211  305
1303  606
1299  1075
698  1241
1022  1662
813  1998
396  1310
914  1562
28  183
48  1973
962  724
322  1818
955  594
850  1116
520  1346
1957  883
1874  1431
1619  1820
1093  1287
1167  1493
305  1439
758  1270
1729  1978
947  1340
1810  1567
743  277
892  1529
1385  1339
1033  738
456  1379
216  1026
748  371
1353  1964
1712  669
550  462
979  1409
216  1486
1328  1449
694  168
618  768
130  1332
1608  1966
756  582
149  92
572  1170
807  189
910  1654
958  1189
1372  395
1017  672
25  842
460  236
1346  1494
900  759
259  971
1142  1365
1960  1257
1441  1602
1051  1181
557  1935
413  226
286  588
1969  1095
884  684
1841  287
1680  1582
528  447
309  1247
724  1282
809  947
175  683
107  183
570  624
58  943
1141  475
266  1643
715  245
875  1902
1076  941
1146  786
55  27
1974  1419
298  477
1842  414
1038  170
76  31
310  1234
1203  1857
265  1806
1835  1861
238  1410
1747  994
88  1490
509  1899
887  1116
1823  879
1084  1384
1572  187
1639  1605
555  836
201  1480
1081  173
738  270
1374  545
875  762
958  1288
57  905
443  1058
1  420
14  1798
1513  1884
845  1602
1718  1098
1751  377
1220  1136
1741  405
819  1439
1879  394
1951  841
1279  617
1348  798
1927  758
744  1214
436  213
1225  863
1604  610
383  441
50  1822
1490  1828
435  27
458  1100
1475  1592
1433  703
980  1817
187  617
1787  1082
1190  1966
156  1139
795  1032
976  1097
1817  365
288  624
447  1591
1005  323
32  565
1695  1782
551  13
1713  885
160  384
1975  935
1618  1176
138  1347
511  758
1411  20
582  961
1577  1636
1801  732
1844  631
342  1843
656  748
7  378
1204  1453
1844  571
79  1844
332  594
647  1051
245  1553
1123  879
633  424
1196  1286
1549  1371
369  16
1049  1255
1939  485
1478  1394
1748  1117
1234  244
159  770
1904  1701
1910  1212
932  1034
103  135
1306  633
752  292
664  798
1771  370
1446  694
1700  1840
1062  48
56  1748
259  1562
238  946
108  368
79  1446
346  1476
1386  512
1236  1929
476  1856
67  1236
503  335
1213  381
1350  524
260  266
449  1315
691  239
993  1963
1136  1341
1622  1682
1308  1332
1265  1903
1594  437
1785  489
1098  660
1321  1444
1848  529
1751  927
633  453
1849  900
1299  713
1845  1772
1012  1276
1543  138
1891  661
932  28
1680  1746
458  837
236  1574
1142  1479
1003  241
723  1930
1066  1701
348  1121
645  189
684  432
1497  760
1754  313
1102  677
1545  1967
1382  1247
523  976
699  927
973  918
1417  1591
1505  338
844  24
50  965
692  220
1475  103
279  1724
8  1407
1792  1636
1339  659
3  1186
295  327
1205  1085
153  237
402  1472
1873  1651
1228  1062
684  80
864  1526
462  491
1084  580
1059  1980
188  1822
250  1492
596  744
564  1642
164  163
637  1169
806  1189
1620  374
603  1010
1951  1776
89  165
1297  1036
1515  566
691  249
61  1572
1638  435
1417  1684
1778  143
1439  168
814  688
540  896
1419  1238
116  168
836  1184
238  588
35  1184
760  439
815  35
1800  1640
480  1528
911  888
480  526
1168  627
262  171
1952  1290
76  1818
1134  775
274  256
1752  1360
1596  762
775  1948
783  503
1081  1079
933  1021
1890  145
1982  1772
1953  275
831  297
1830  998
1790  628
774  234
703  1377
44  516
950  717
1578  874
164  1401
1545  750
1678  256
102  1365
1567  10
266  31
1595  1319
1991  1429
402  681
894  1534
841  937
1326  577
1052  978
702  1111
977  1083
1970  1577
657  1060
725  1145
1890  637
615  649
415  1286
169  1478
585  1426
1585  774
265  556
1628  1221
348  1943
1382  218
367  1462
527  456
1512  1604
1896  1228
705  1250
310  243
555  1992
1268  1318
603  1651
686  1131
834  892
1632  1472
905  652
1392  570
548  1325
1709  307
1124  1035
1301  911
1001  836
1285  1873
1236  1194
209  433
1428  1056
1348  698
910  596
1228  1133
951  1577
272  1602
1069  1582
1597  1157
238  1315
89  1595
1163  454
1042  250
993  269
628  527
1725  1982
51  1621
1194  1548
1299  1875
978  305
1067  54
1180  1123
1900  1262
1534  1279
377  585
645  1299
841  273
274  328
288  1671
702  1920
1740  240
998  120
1568  209
1772  199
1031  1774
1260  1341
633  1333
1525  638
394  1657
1864  1125
320  75
385  305
791  1470
164  1554
654  902
1247  1065
1988  1560
85  1692
939  936
147  1483
1092  1199
1323  1421
1935  1755
1913  1081
1538  73
1597  874
1161  49
1151  789
634  639
1069  1843
783  961
1433  420
1599  1531
1273  206
910  392
1717  1722
1734  1679
1282  1011
837  1999
1922  329
1361  1905
797  444
388  1261
1521  1457
517  1091
950  1770
756  1732
1323  340
1336  28
1088  1765
1170  226
1556  970
634  364
250  1846
1297  614
131  414
123  1854
1578  1140
768  1168
22  472
43  512
1265  776
97  768
768  838
137  55
1446  1485
1342  1746
1994  129
17  1730
464  309
1631  385
648  888
1365  1690
597  794
935  11
1121  1890
1193  1642
1764  1412
437  1643
167  580
1886  1551
1287  672
95  455
397  1677
221  1878
1387  282
947  297
316  721
218  398
1002  1393
556  789
1524  703
159  391
640  496
1343  1930
1430  403
1737  1999
1403  446
405  173
766  430
589  403
1970  1166
122  1134
1976  1059
10  75
815  1413
519  1989
1977  1824
399  1248
736  1618
1676  586
135  1830
928  1353
1679  33
1063  1032
632  801
1813  940
973  1023
684  204
608  1534
1431  1776
1575  804
1520  1330
976  690
754  1180
851  1679
581  1487
1419  136
1905  625
446  887
648  13
834  958
1988  56
760  347
637  790
1715  1741
907  1404
1838  181
1901  563
1998  639
609  857
346  1002
566  1958
1161  111
1624  49
1772  1872
479  1587
291  780
89  439
1827  1477
575  1361
615  1097
827  568
569  953
1234  1467
602  734
992  163
27  924
1124  1797
577  2
1439  1873
208  1225
1598  1163
1004  995
386  171
1868  834
803  73
1129  1511
810  875
1805  1718
1415  313
169  1915
1166  1090
1654  141
1255  809
1407  1967
1313  283
1272  1822
135  647
1955  1106
850  1079
1326  1516
506  204
808  1553
1587  511
1250  479
57  1508
902  327
713  609
79  87
1503  1788
1896  1914
1763  1042
1948  1470
1903  232
907  353
1156  1292
640  322
1668  1117
993  1982
1067  1635
738  1002
1217  1319
822  1154
1245  894
1652  921
538  1616
909  1363
522  1168
1095  1377
668  374
1001  1598
1379  1215
1483  1759
1342  311
1419  936
345  837
109  66
1514  1099
801  736
199  190
1314  313
61  241
1951  552
590  1678
203  1933
1034  444
628  1911
1586  334
1051  1815
73  414
150  410
643  1676
1067  1346
1203  928
408  752
1581  1788
133  1179
318  377
1068  958
1731  1144
1188  1016
1231  1765
10  1819
151  914
1131  1029
549  1495
76  1475
1368  16
617  1744
1965  178
1489  509
748  775
503  1578
705  1409
1465  1400
585  1845
1482  1170
1751  1161
1703  1733
1375  790
1673  1290
1919  970
1589  1282
1221  1296
1703  161
710  743
1485  612
1104  175
892  467
543  984
1693  493
398  657
258  50
1711  580
620  1961
715  949
528  31
1928  1286
1484  237
1841  130
1373  856
1041  1024
1338  694
1684  631
1667  1464
1431  976
682  1641
1522  735
206  1318
1933  1842
1873  383
1812  939
347  998
1987  1030
1712  253
778  1371
546  1442
17  1834
510  1892
1130  1446
1315  1482
698  168
810  1046
1098  1120
1829  924
578  1002
1842  1200
832  1152
446  1073
122  1696
450  1681
1388  1594
1942  668
447  932
1445  1478
1231  1006
1675  1154
1377  1486
402  937
182  669
1717  1192
199  531
881  485
1738  105
1094  804
1081  528
368  1821
1277  1675
1585  506
917  354
1587  1591
179  1388
1221  1685
619  1323
660  1001
1225  1717
429  868
567  279
1871  1554
1927  949
1014  761
494  1218
1919  347
1203  850
101  1326
1879  504
1353  2
1082  487
1273  891
1463  275
527  920
664  1592
1849  1259
1360  577
1402  37
76  1591
1678  1040
368  824
1526  1899
835  999
1308  1437
1084  645
552  1501
830  1490
1725  934
182  992
1363  231
1122  458
148  1627
556  1385
1569  858
1607  1428
70  84
1566  961
348  909
648  229
601  385
157  1208
1052  1789
1686  322
218  1759
565  923
1225  325
1732  1781
852  71
101  1120
100  1807
1068  1218
313  1246
91  1668
558  1007
1794  945
694  847
104  248
970  1558
1003  1680
1793  1230
728  1101
90  567
1201  1420
1376  348
1245  1321
806  762
672  336
1610  1068
178  1362
52  645
1026  266
1386  1209
516  1905
1866  1162
252  538
917  272
1811  1250
1548  1866
1765  490
521  1324
309  603
510  1042
1921  1327
470  1299
587  835
1407  1237
1037  1629
563  1526
213  1743
744  81
1399  1624
1609  175
1405  515
1568  730
589  1776
1603  343
1744  758
128  1183
1210  1649
51  891
1074  800
185  1612
1309  1097
880  50
72  726
959  1096
332  1314
1073  1964
1102  1854
134  1907
698  1596
1190  572
1301  1276
1978  1206
356  691
1283  1414
998  1365
384  590
969  1480
702  449
1658  235
342  447
1139  558
1764  1305
115  386
765  49
1456  507
1929  146
1788  891
1784  1565
49  567
228  858
1315  1024
801  613
983  1975
1099  804
389  1955
1785  526
635  1178
1172  1149
84  1537
177  27
1239  1607
789  1067
1374  783
1596  664
1315  1652
963  246
1519  979
1172  1775
700  1117
361  676
417  1298
966  125
26  1397
908  1303
991  261
1881  228
390  1051
997  1460
1211  941
936  1590
656  481
1449  1241
1031  1141
1662  884
316  558
1846  1196
588  224
756  763
1611  111
1994  1911
748  1053
516  1647
1145  270
180  833
1171  457
1886  1260
1006  672
1276  1867
886  237
1560  1056
850  1137
264  1961
719  724
1222  1562
1455  295
1446  1259
548  1720
367  1775
1396  1934
660  1358
1215  793
1071  661
1004  946
938  1836
1220  447
538  814
1868  744
1330  345
199  368
468  1855
56  1607
340  1726
710  244
716  1775
222  1443
1259  1545
592  1417
781  1188
1443  735
209  1637
29  522
1768  487
1388  1773
59  521
520  320
902  956
1977  329
1935  1065
939  385
1054  1213
195  1661
1203  107
1953  1536
1882  754
586  1498
275  1373
917  1419
1555  1899
980  1667
1284  1633
252  819
669  1521
795  166
83  1414
1855  1428
610  428
60  1924
1844  1082
191  1181
1429  132
723  1336
836  1565
1330  1545
1632  760
742  390
1105  1650
1377  897
1480  1548
148  392
1019  990
540  1003
920  1149
816  1982
1052  841
594  34
287  762
181  1085
1434  1039
1440  1229
1332  1797
819  1101
743  113
153  1660
1299  1479
1128  766
1766  1066
172  1102
1762  832
1531  245
1358  1179
641  1442
619  412
1087  1737
1682  839
896  1936
608  90
900  396
836  1625
1792  43
916  1515
384  343
1577  414
1474  1468
1558  49
1851  1421
1721  54
815  855
85  1449
689  18
1567  1258
1795  680
240  726
1142  1299
190  203
961  530
1825  1935
75  237
1624  229
1854  599
1977  955
1498  976
1766  974
557  1885
327  1907
1307  1027
1982  36
150  1164
609  1491
1566  1129
321  175
820  747
254  98
1005  139
1474  1723
119  1666
1055  1038
1019  604
285  1939
1220  1191
28  1990
1001  1058
819  1389
276  759
715  842
1790  1571
1472  512
1037  662
1301  1223
601  55
637  693
1139  309
641  1035
1529  46
574  559
557  729
1452  1698
1888  341
1950  1004
781  698
980  1189
1603  1600
520  1578
1225  1567
470  1074
1345  1075
1369  1937
381  1342
1145  1101
315  593
1171  1549
769  1544
357  1246
535  1762
1794  637
810  143
326  829
677  1694
1781  801
1822  324
109  1904
1054  1389
913  1412
1239  1756
38  1993
985  388
1585  942
1342  973
701  406
55  1018
267  1442
149  852
496  1732
86  285
1334  197
981  1471
972  474
1192  1956
1498  1047
1343  308
1185  1225
999  1267
72  116
1076  1182
983  1403
1712  543
677  660
1273  1892
363  731
1872  1601
854  1646
1884  181
565  331
391  248
1133  264
1265  1177
316  1440
13  1840
1825  63
801  539
1383  1276
1694  1156
1029  751
430  635
435  1215
552  1617
1136  353
1848  1521
1779  813
44  509
1677  319
1111  1814
643  309
835  1340
430  1267
905  491
5  905
645  81
410  22
1120  234
1694  806
127  1735
670  1460
172  1103
69  250
1163  5
1961  182
1162  1302
665  1182
307  183
564  864
1221  847
293  1731
1409  1489
1887  1573
192  552
1519  165
1905  325
897  1533
1507  67
450  1465
268  155
1910  1896
1064  991
1586  1015
778  885
1703  1718
317  624
1891  688
416  232
984  142
640  1874
198  593
1495  1110
1906  1676
840  1979
43  1687
965  498
1993  1335
1533  1645
244  610
517  625
1768  130
1571  100
637  1704
1633  1546
774  712
1602  1653
1658  451
236  331
1940  393
999  29
342  452
1856  1302
115  468
1607  1237
364  1046
699  599
1522  1982
1507  1148
1855  1255
1863  1488
346  936
1312  1745
536  1654
1036  187
1018  941
1622  151
829  1763
611  1819
198  1937
214  1412
1952  1860
1567  1336
1578  103
1497  540
1510  1829
1044  286
1330  997
1046  349
534  1543
1920  1457
1198  959
369  241
825  1733
269  1981
842  1103
1771  1897
468  777
123  715
801  1870
396  1026
902  42
75  303
183  1712
288  1655
967  1246
332  1844
1155  1525
580  830
1093  414
357  477
1788  163
1281  1542
719  821
1368  245
1196  1553
540  654
1190  19
811  767
1850  1405
245  1101
160  904
83  1721
219  1468
445  1882
1362  64
373  798
53  285
554  1756
18  252
1046  1686
1932  705
1641  121
809  296
559  1122
1724  1310
1528  1434
166  162
691  1518
562  85
1856  1510
960  1306
1445  1189
931  1886
1656  915
973  1371
393  567
1643  581
551  868
52  1090
170  287
404  369
722  1696
1086  821
342  1646
337  976
688  8
1528  1471
1163  1096
1301  1162
735  1336
260  359
774  1425
1245  1019
1400  1855
244  124
1909  405
264  524
1481  884
807  1695
15  1988
1714  1697
622  34
1542  1960
1929  457
1631  829
1054  335
1127  1994
1894  1467
950  941
1732  395
522  1730
598  1415
1407  615
1220  1925
145  722
1643  1530
1665  1076
1169  1531
838  1803
1149  862
784  300
1506  150
639  1683
1423  90
1785  172
1330  1680
1385  115
645  283
322  615
157  1819
1470  1475
1652  179
1875  1853
612  1923
1343  1895
662  821
1893  854
49  1420
1482  533
891  321
547  411
1139  635
750  807
1452  1238
418  1815
1504  1002
1316  1645
188  1117
1538  1981
1417  1762
827  861
643  1454
405  16
1855  1657
1435  732
501  220
1240  830
294  1949
175  1233
66  1973
1564  1698
385  1512
1256  817
1163  1140
1216  566
314  1443
157  1379
1323  1512
1079  962
1888  1720
831  1269
1803  1545
881  1982
1474  443
1194  270
1133  1672
374  1611
1300  801
85  402
326  1187
1975  1534
1631  1280
113  298
789  1943
1487  1689
1845  484
79  482
1559  642
1078  66
1361  1897
67  1663
1158  1773
52  668
501  1741
1855  938
1505  1366
543  1338
700  349
219  313
32  1083
1959  102
1453  277
820  1148
647  1796
1650  1473
1064  1470
644  1015
81  73
1363  681
901  531
1364  270
1111  1315
842  985
223  1100
1929  880
922  716
408  738
1229  1164
368  260
812  263
1144  614
511  1409
542  847
506  922
1610  925
1403  472
272  124
615  1894
1987  1809
1422  685
1899  645
923  25
42  1467
535  275
1741  1578
978  1528
45  1881
1201  702
1306  30
495  488
608  1859
1654  1178
657  1201
1649  492
1098  1256
268  748
176  1216
1489  827
613  1195
1625  1420
909  815
1604  586
439  34
847  1982
98  557
1999  1997
1795  1152
554  1131
1950  398
175  303
1473  1158
369  1557
1204  519
233  20
1318  1860
1253  1561
1098  1667
340  1034
750  1192
1237  809
53  1170
1814  1520
204  474
1385  743
1958  1882
361  672
1735  621
1409  1576
154  51
386  507
662  381
1255  240
863  1219
558  596
671  1615
1401  1588
1189  1293
972  1804
1977  1281
1536  688
704  731
1444  130
21  1971
1611  1772
984  636
650  1725
1683  527
489  675
931  1710
68  1511
488  1761
457  1487
980  1649
1163  1122
1304  559
749  1910
1007  420
1865  978
1975  381
745  1095
1933  1634
169  114
85  1640
264  722
473  1693
337  973
1227  1626
615  1819
459  1499
1108  1837
1829  772
1450  1545
372  723
80  258
1306  925
646  1835
1558  1431
1811  1001
1364  1202
1217  1100
692  1956
190  815
411  706
1184  1881
283  783
1975  1863
1930  1073
1813  577
1339  1216
739  1249
1669  1722
1685  809
1517  1340
1708  491
116  1282
1152  491
1766  807
1190  236
1895  407
2  672
1590  1831
271  1403
564  1990
201  1548
1781  533
1911  930
196  430
1873  1176
1645  635
544  1812
806  1341
821  450
314  867
1345  1370
647  945
818  278
394  1866
1405  748
1560  300
583  1783
621  1686
798  737
1177  1598
1935  124
60  1959
1688  973
1850  193
726  10
1056  1543
1098  1645
604  1573
1892  504
1633  628
835  626
513  895
637  899
1538  962
5  1467
1058  805
1724  338
820  1559
1311  1355
1981  1510
519  997
1461  1776
1446  573
1152  357
857  1503
1369  905
1136  1688
1008  1980
535  77
602  632
1300  729
565  576
1127  599
1434  1441
1352  1191
138  921
980  276
191  1902
1013  1558
1693  1087
757  585
442  509
294  1132
1407  11
278  1901
1098  426
521  920
1230  82
287  312
190  1055
691  952
1084  1340
183  839
1876  1731
781  1352
858  426
1523  333
1084  1
1094  818
1640  1075
459  1083
165  788
305  798
1414  342
1213  393
479  738
1171  288
1926  157
1908  772
556  905
1699  1706
1388  688
277  1693
477  388
894  1543
248  1132
851  770
1954  262
864  1925
518  1435
1185  1936
213  119
1268  1498
971  1801
72  1014
1272  8
986  1897
942  45
731  65
516  1681
1842  1809
1740  418
745  109
1787  836
1901  417
1878  139
1391  829
72  851
1280  507
1662  746
1808  1367
906  1557
1655  495
1992  356
1739  282
246  1392
1057  1177
28  1368
1816  1535
1242  330
1616  145
949  447
155  1306
1693  1995
524  1697
975  183
160  1479
395  1437
805  1243
444  183
575  468
1354  336
108  838
431  1520
1594  1498
124  568
151  936
672  937
1414  1037
1449  1931
1141  47
1193  1866
591  1816
1709  1230
429  1665
110  593
706  1390
1732  1808
852  1712
1606  1044
1981  1355
426  1497
1253  1684
676  479
313  1692
38  1312
1776  1795
907  322
145  945
549  229
439  29
1529  478
1354  1466
524  1209
1466  1751
401  1411
361  1338
449  458
1515  744
1348  289
590  836
1687  413
235  1610
510  428
999  1948
1167  1917
1714  1226
1575  1463
272  371
1710  263
1539  1149
501  174
1683  1390
414  194
1652  1936
1856  1117
1085  826
802  1366
633  966
1139  1711
664  1686
1357  310
1689  946
1966  1064
959  333
1787  1199
534  1791
219  611
1214  1081
1941  540
1080  144
1447  822
1187  167
993  483
973  725
1956  200
1469  694
140  826
1197  1945
421  438
1433  266
428  69
413  1411
747  572
1846  1128
1771  1898
1170  1252
1375  37
1060  1517
710  1431
541  1100
1991  1011
1251  921
180  989
50  652
1538  1827
190  1570
1350  1727
949  385
1664  1570
1110  207
477  746
1026  865
1209  659
1963  1655
1747  882
1152  1508
1754  678
1616  1352
1388  1508
1525  485
592  580
470  897
1332  647
632  789
1762  151
103  1558
47  1843
569  632
1540  394
1534  1589
1910  78
762  842
330  1418
1727  1682
715  729
1082  1180
386  1429
1263  1683
189  1779
962  1804
861  1768
918  660
274  1057
195  1944
4  1807
1481  1523
836  220
78  1190
1648  1781
1020  509
822  1123
1173  798
765  1609
970  1730
1587  1072
650  1708
528  1825
1195  599
984  811
1328  19
1551  1262
168  1091
1500  1653
980  1657
1565  999
502  295
1298  1650
1197  1267
1376  1084
1715  1928
1178  1325
77  1797
150  513
412  1788
111  1170
107  1128
622  612
1739  990
104  1956
834  424
1478  648
1662  141
1502  1608
788  29
1971  521
1631  1634
577  971
1297  863
186  288
1166  1924
1529  1058
227  877
992  1923
393  1343
655  1196
230  1016
400  1035
1906  374
568  1600
1142  1845
1003  964
127  448
1210  1539
1793  636
1847  1345
218  1770
1613  1890
1857  739
720  1195
954  1980
1020  406
1327  756
1607  669
775  1093
1767  1951
604  296
457  1644
1678  1462
547  1122
1199  929
402  1596
1378  1522
1192  1542
1126  1321
1694  244
1930  1050
959  408
742  469
1455  373
6  691
115  749
617  1292
1828  1324
1290  1762
1888  1652
1922  158
791  1518
640  1790
1407  1503
1765  933
1196  1626
975  719
148  1501
282  1429
1430  101
1118  1289
1652  1500
1101  1326
719  351
821  118
1462  415
303  1137
876  1649
438  28
1932  1450
520  403
213  1538
276  1512
108  1214
384  1016
1399  429
342  1986
1676  104
460  1024
1219  310
643  787
317  647
772  55
522  1848
385  941
1960  1865
1605  1511
107  1057
939  1902
1264  924
1365  1257
1435  68
1367  856
1318  311
1775  13
641  1800
1650  1170
428  754
141  86
767  434
516  800
579  666
228  999
486  353
1390  19
139  1311
1649  1533
648  1766
882  1574
1756  774
1725  1889
354  1364
1142  212
1562  1320
58  1225
834  711
278  1036
1154  572
1924  483
837  1321
823  292
1710  1411
1050  1068
1550  250
1962  1679
248  519
227  1362
1161  1634
505  1403
1522  73
1837  1304
1711  743
406  958
1480  973
593  1376
37  1961
611  41
602  608
40  1969
408  1964
821  1476
603  1217
1418  700
540  559
743  1597
1550  1426
1054  1016
163  738
503  934
1151  677
1945  758
150  1380
1154  36
135  629
995  1486
974  1488
1224  497
121  544
152  386
1016  1369
1591  369
1324  1584
1105  884
316  1336
604  1603
930  223
333  1269
1090  512
888  789
1591  1595
224  1380
1646  1545
1164  1400
437  911
309  201
328  850
1469  206
324  690
13  662
422  1496
1602  1434
665  458
1036  1353
856  771
1012  956
1982  786
16  604
840  484
1397  1625
1915  274
1623  190
1862  51
298  488
1939  885
849  1507
1154  1075
1333  800
1411  1004
951  315
1129  1437
755  954
1341  148
955  1627
1215  194
1380  307
798  3
577  967
567  1802
1051  139
1432  911
1432  1513
971  332
740  479
208  1721
1415  505
1548  1825
622  868
739  1766
851  1738
437  1961
1236  1115
546  450
61  1960
310  1624
675  0
396  1485
1810  593
1698  1649
959  1009
1063  1334
1634  902
671  1163
137  1116
25  944
1444  1033
1824  152
404  1589
876  1073
976  1398
366  1152
1218  1494
1843  539
418  1259
782  1690
690  1873
1140  1704
566  198
169  1025
568  641
889  74
1237  1467
1779  1869
1556  922
1446  34
714  1013
1235  1735
1521  911
313  134
23  1667
730  1545
1865  878
1716  1210
205  1107
855  1952
1639  1261
1214  127
1985  1844
747  1701
1259  1238
665  799
1992  1624
619  1861
1335  716
1334  786
1286  1449
138  1865
593  1983
654  740
1987  69
227  1374
460  904
1328  80
390  121
890  1414
1026  1791
337  47
1390  554
1650  212
1443  324
210  1265
1901  1582
1158  31
744  628
1462  1594
379  1542
462  1448
1728  1610
1659  5
8  121
1843  1606
1840  1079
43  971
1519  1216
593  1062
226  1068
710  321
696  1020
1025  876
1943  1141
440  732
457  1781
836  1883
236  353
297  151
1195  286
535  1856
1126  372
1698  1228
1045  657
160  1181
394  749
269  217
1876  1363
1772  1783
742  1260
1671  471
1394  464
776  1382
286  1616
215  1503
1259  888
927  1318
1672  449
939  411
1948  1480
706  1324
366  164
1108  795
510  706
1395  1361
1955  1646
1368  1179
1360  508
77  1992
753  934
550  1079
280  868
78  1327
1268  1571
223  1574
1878  616
1129  1804
430  1331
721  603
431  573
648  1089
1027  387
870  564
1398  522
1632  766
570  1283
169  1756
111  1508
1813  932
1216  266
1291  1244
58  1894
484  1658
371  558
1790  246
1852  255
355  1221
483  54
1109  1934
1128  1491
415  1714
1448  1052
1372  1299
635  1905
1038  1404
242  1550
385  607
514  1372
130  1597
220  1378
1981  656
1775  1678
1973  23
58  672
462  1008
710  59
1454  1252
530  1876
780  456
1323  124
1667  18
683  423
1421  1356
1879  852
482  535
1495  1977
1740  301
1395  1432
540  1303
1633  820
1903  1438
1665  804
671  1423
1319  1976
1537  162
936  1419
1521  563
741  1952
436  1249
1878  907
1181  890
1399  116
1088  1336
1452  503
130  1670
408  745
447  99
1698  1435
935  1558
54  1202
1341  352
52  1644
746  617
519  895
1019  1690
1954  1564
1327  1420
1296  1960
1812  1530
477  98
1744  288
1765  106
116  1020
597  418
1016  1466
616  606
1245  223
885  896
6  1010
1230  1106
696  69
868  988
1309  512
995  1607
532  45
212  953
296  1217
1806  810
503  580
327  1570
569  1790
143  11
182  1627
1542  730
315  393
757  722
1338  1476
874  982
1267  208
130  132
812  710
1013  1044
655  6
69  193
506  1587
1895  1761
204  1467
734  1119
912  1898
1782  505
1221  1234
1066  1775
649  804
1742  578
578  715
1845  1692
627  458
1842  208
884  1776
70  926
1031  161
388  1875
1765  1505
756  1019
547  1037
914  61
1997  568
374  1688
250  42
275  595
667  1884
736  954
222  862
270  985
1152  485
834  116
727  579
701  313
1766  1391
470  160
932  797
1237  462
935  293
110  1819
974  279
902  960
1351  1144
385  1438
1936  1671
1681  1249
1808  984
1530  851
1265  820
164  381
17  564
654  174
294  421
797  561
208  1503
272  262
670  710
101  1594
146  1997
469  931
1118  387
719  229
308  1904
564  1079
691  53
285  889
1261  631
673  634
1061  612
1285  708
1396  1142
1952  1351
1753  896
1187  102
687  1999
46  599
1813  1187
1958  496
1852  1171
23  1806
8  813
1326  93
529  1251
1940  1497
641  449
713  1721
1046  577
240  235
184  995
1379  1230
363  227
1681  1116
935  109
1861  1800
430  86
1927  403
590  1317
903  390
1021  1792
1558  1071
746  1654
458  67
1160  780
594  1486
464  1545
138  123
693  1777
389  1544
1268  66
1842  1977
1014  711
1790  926
697  128
1881  767
1361  298
1328  249
1930  884
392  1523
1029  286
875  968
688  755
412  1092
856  25
338  1526
347  980
1458  1609
288  228
81  468
28  1528
856  1185
1426  276
414  873
1974  1645
1349  154
1787  1094
262  670
585  930
1784  618
1981  1788
1916  358
411  427
1083  1181
921  1907
1152  885
345  615
950  325
956  1131
87  1923
284  1529
464  1425
421  403
1393  1546
614  878
371  496
396  1111
186  727
505  1925
197  1805
1675  729
1786  1865
673  416
178  819
544  1832
857  296
994  255
1133  990
1451  1158
1628  1240
675  131
1318  1165
173  1735
83  91
828  609
1688  1662
1175  619
626  1093
1348  3
518  1728
1231  1364
1072  665
278  750
1881  711
228  550
378  1905
156  119
664  1496
860  1554
1993  1906
169  871
349  932
925  287
156  1516
877  244
1270  1568
836  946
290  1681
1254  758
1415  1114
431  1593
1324  752
1404  1101
1022  973
570  1186
749  968
1737  326
146  363
1253  1085
835  1865
858  1597
1332  788
1451  358
1387  177
1165  1282
1227  561
1792  1008
1117  373
164  1173
466  83
65  1857
1562  607
1407  488
310  1802
1388  255
1583  283
808  1967
91  1520
53  1876
1100  742
294  126
91  240
1462  1355
1698  1421
1125  1604
535  597
197  1083
567  1202
375  1507
17  1019
937  594
75  1167
914  595
648  227
932  1466
1402  1622
410  46
897  56
1888  60
598  214
1603  1936
10  1410
107  670
1779  825
1507  390
1925  792
975  1759
1600  1210
1103  805
1095  264
1213  1754
604  168
1949  211
693  1603
1954  871
707  90
1330  820
414  855
1072  1098
205  595
1949  1228
1279  1198
821  1875
90  1426
304  1537
1069  1511
1589  206
1850  891
1025  1445
908  96
1556  1796
1181  490
552  385
715  933
1956  732
608  1392
0  1543
1381  1457
30  1229
466  99
705  1115
1316  1523
1083  1688
1403  910
955  1276
1608  1217
1003  211
1499  83
1847  1635
1591  953
107  663
780  699
833  215
1123  39
1422  374
1560  1926
1678  909
77  86
1489  1682
1509  541
1929  1158
170  1407
898  1747
1487  498
625  737
1278  1757
408  1365
1910  387
1745  1004
508  283
895  847
523  540
1539  1209
411  1799
169  803
1283  33
1987  1529
476  664
499  1954
1740  530
208  976
256  1573
1407  383
1571  193
1472  910
1399  1338
1424  99
1648  903
155  241
1032  1175
803  1908
751  1622
326  706
340  1745
59  958
1618  630
1227  634
113  46
1108  1993
1552  40
777  640
86  931
1680  1183
525  988
245  1570
816  1545
458  721
1556  1138
74  1769
1861  731
528  605
1099  1977
1655  1790
202  338
142  854
1135  1022
1968  460
125  1927
1197  1521
1478  1739
293  708
27  1772
989  1771
1932  22
614  740
300  1166
416  592
546  1860
1026  317
289  668
435  1250
823  1331
1148  75
1345  1197
1387  24
224  1479
183  1967
1811  586
669  906
109  528
599  1020
1667  1826
1540  1166
1434  205
458  733
1161  1242
1169  280
1308  1840
1796  686
377  593
945  1327
540  1806
138  458
1539  548
924  1383
1296  1280
129  656
683  840
1727  368
105  452
719  1895
1018  339
1538  1758
1823  525
1135  58
650  1754
510  1251
459  998
1596  1368
1660  764
1655  1237
171  1815
1153  157
1613  763
852  805
1571  698
1326  1834
344  897
318  1154
769  490
1166  912
342  97
1007  1852
1786  701
542  938
313  1431
1979  1316
739  586
1676  427
490  845
955  189
373  1800
1936  160
358  258
200  719
1030  1034
1089  320
1861  312
133  461
1556  1713
711  450
545  1482
942  796
1801  950
596  324
721  191
1448  1704
997  396
66  99
1375  1694
235  245
993  997
1411  1324
347  1675
1001  409
380  737
739  463
40  1984
1171  620
1785  1798
1133  988
1043  272
1987  551
1773  854
1652  734
488  442
1011  1743
73  1028
1136  224
1206  531
266  1149
6  434
498  793
1415  776
131  1526
925  1881
1858  1311
995  906
1595  144
11  964
294  756
917  1640
1400  1310
910  984
1373  1701
808  393
152  1312
1530  897
1613  1313
459  1028
1323  1554
791  643
1404  502
1221  1351
453  275
856  1283
1278  1738
1367  1047
1923  1288
241  1580
18  1653
1551  1975
13  658
1537  379
1520  381
14  1070
463  807
413  495
1992  1643
10  116
1692  1394
386  1181
1283  1456
282  520
503  192
1509  369
83  385
386  1569
1235  80
966  342
368  218
67  1983
1049  993
1559  681
1714  1806
1252  1461
50  667
1147  330
1595  291
572  941
1411  879
1854  1503
491  1194
1597  1232
939  1962
1629  1335
1411  1538
1018  1443
1388  1062
1122  134
909  1547
367  696
1772  1555
1967  155
1392  1217
1524  560
1463  833
1404  1971
735  700
725  1713
428  1397
54  1153
1  72
1718  1068
510  1747
592  1335
557  7
1959  282
1140  1983
325  1521
1433  679
314  601
1418  562
72  1396
529  40
1408  489
718  344
758  1875
1992  1607
1596  674
1260  1649
1852  415
1524  1001
156  606
1791  413
1631  305
1648  1407
898  1590
1834  1330
1772  10
756  576
1640  1086
968  1546
865  1256
855  1743
1140  1190
1408  1857
1060  1867
164  1703
1466  1970
302  389
1865  166
1550  1036
1233  1635
270  1999
974  1103
1232  802
1291  906
1809  1200
1172  1774
1554  724
884  119
152  564
1759  1725
127  1843
1988  1470
1593  25
1032  336
1332  411
1306  645
1230  523
300  1406
113  1060
910  1529
317  402
1190  896
89  1621
1927  1686
1816  754
1812  873
1166  1891
1889  1491
1542  1499
1088  1729
1065  1781
889  264
1067  1515
362  167
1920  944
1688  1386
1802  1493
618  1564
716  373
972  497
731  379
717  604
1854  280
1504  349
74  1102
1960  1659
1027  368
1352  102
1111  1612
1228  723
1190  761
1274  149
844  371
535  1204
1640  792
1723  1495
488  1600
1228  1365
170  1287
1759  1281
957  347
1618  887
1117  589
887  1674
1921  1464
465  352
1617  1818
1904  1468
1371  797
388  179
882  987
68  436
1290  1750
279  709
668  835
265  379
490  85
499  1423
572  1381
1831  890
254  741
829  1468
271  722
354  85
1492  1036
1344  788
160  349
1808  562
322  17
110  1514
775  620
665  1978
1495  1428
126  1070
1905  1521
154  298
1050  1641
866  1408
382  926
1472  1548
751  1773
780  1931
223  1709
912  101
1534  1851
1180  1668
1813  832
114  1400
1321  181
429  1234
285  499
887  1966
163  39
18  1452
63  371
652  1806
1119  427
512  1218
545  115
1036  1937
1431  1237
1090  230
360  1664
834  469
1902  625
162  1901
1315  1476
1552  553
643  1959
1459  1465
92  137
446  937
655  135
1376  1594
1042  1866
303  1072
1258  1469
1236  77
1628  659
1100  1993
1198  1643
1332  494
250  216
1753  606
38  553
473  253
1719  517
1296  1670
1832  1002
1281  1916
512  1253
511  1767
424  145
1058  1358
530  733
1580  216
1415  89
65  525
1421  537
1444  444
500  1801
1983  626
1805  857
1306  1761
408  880
1897  281
508  390
1674  1913
1949  825
1383  198
879  1066
842  487
1132  1717
1972  592
1519  431
1574  411
49  889
1894  1160
1876  201
1170  1984
1527  204
741  1557
1260  1898
1738  157
27  1744
455  717
415  858
1031  987
1869  1717
1816  1994
1918  48
1485  819
334  1130
1774  150
159  35
392  1045
1556  1676
1008  1804
824  1424
1133  256
1505  479
1872  241
1075  1503
1491  434
815  1922
1050  1014
239  907
702  713
389  1908
503  1565
1946  1972
410  127
1605  443
1730  1154
1522  1109
1688  634
480  1843
1319  1534
11  106
1801  845
1124  1046
1092  1896
1817  1104
336  1203
1445  677
1986  96
1879  102
269  1219
62  677
825  1299
1838  355
1544  1474
1615  672
1068  1692
1917  709
929  1847
816  1106
1623  1509
1333  327
1389  1549
564  283
101  1495
1079  1707
1115  132
1589  1365
1136  1573
987  7
926  1812
1846  798
1204  103
122  1655
1046  446
88  1397
1180  1680
1649  471
1205  1629
246  133
789  1420
1621  1790
223  20
495  665
1832  851
1083  1786
801  1992
1171  1865
990  679
169  448
860  1474
1121  427
286  395
1138  957
1982  1835
247  659
673  944
532  539
202  328
202  1044
1683  1021
1611  208
1511  776
925  138
1568  720
926  52
313  1757
1777  980
256  1001
1192  1448
1723  1300
930  304
1083  157
1423  1868
1216  1521
947  1745
1445  132
1732  1688
1832  1932
1905  242
836  820
478  1549
737  1365
1895  499
1122  1873
943  578
1126  779
1832  1276
1225  990
1439  1389
1735  629
1409  1438
43  1107
1429  1675
1446  1023
819  408
1783  1816
1133  977
1035  1288
1211  16
831  327
900  1845
530  571
1687  224
876  369
1749  1826
791  1846
1097  558
991  1512
1729  860
166  1361
895  1475
1587  1892
1718  1174
61  11
771  748
1319  1318
1979  1383
1009  1820
1521  1237
1570  995
144  356
147  494
712  1591
1016  393
1040  1857
155  1715
935  709
1930  1805
1319  649
1484  1422
1692  283
1846  938
220  1139
673  818
345  444
1922  1477
352  620
552  1161
659  1186
81  1416
967  1621
1892  1249
1859  120
823  528
100  966
661  1396
1817  648
1127  1319
1583  1541
1865  28
511  1401
1854  1221
8  649
1425  1270
1150  712
1683  1361
1482  538
1157  950
24  254
143  946
1440  567
1258  717
831  654
1828  850
716  4
1233  1115
1649  55
1341  1723
1990  1952
359  1196
1841  466
541  440
528  885
156  60
1434  1437
861  1916
3  1110
1140  1073
143  1196
986  629
434  1773
566  1913
1601  1281
1412  1129
1794  730
716  1186
1519  767
739  216
18  597
423  1319
1760  1824
1576  138
1517  1395
440  344
1856  726
1371  383
1357  1317
188  79
454  937
471  26
897  1448
1603  1511
1158  59
250  162
1054  1244
1828  790
1517  1998
1496  1308
813  1
1431  1881
908  1693
1188  513
361  1363
1750  1
1118  1734
1144  78
1820  236
1998  696
330  89
1341  939
713  607
1361  1648
307  978
1349  557
119  947
437  809
645  1439
1835  1948
475  1761
1584  333
872  1045
3  113
509  678
793  1999
1513  712
615  1441
1207  1102
1533  1659
589  1235
1375  1525
733  537
1209  1976
1679  1653
1444  1824
1223  1849
1799  1119
865  1591
709  1379
1259  11
472  684
1647  403
1923  903
592  314
331  1173
1099  646
369  736
1671  591
1720  91
994  90
416  1965
430  1313
333  1457
1282  561
896  1891
788  1855
316  1852
1739  250
1499  1052
1716  1958
1045  893
934  550
1313  1955
1411  1373
1897  1009
1606  1766
316  577
431  960
40  1992
1976  1758
1949  1577
1430  964
1438  1852
36  1818
1529  1459
803  370
699  339
1967  1953
313  1855
1623  745
1599  1014
546  1234
1305  94
1917  732
1799  6
1399  1482
1632  27
768  1133
1051  723
579  1549
426  268
827  1385
10  224
24  272
214  137
1180  288
930  1579
1681  47
1795  188
307  1835
811  28
1113  1328
1219  6
1195  1305
176  1238
1790  117
1224  1732
627  391
1935  1314
462  1856
1778  557
1211  1096
976  1907
751  1058
412  1523
1947  1053
1072  1620
850  199
1660  101
966  1189
1819  512
108  1439
160  550
598  557
890  627
758  1521
1218  542
1126  1628
1122  1624
1637  1345
638  171
677  1046
1150  334
11  1408
907  461
1434  795
1198  860
687  471
518  1395
304  848
228  1248
760  607
590  1937
456  1133
830  1310
1936  1189
1793  641
892  1421
587  1405
452  1955
362  1851
1974  204
0  1096
706  711
111  237
51  1582
1346  1672
1085  461
1229  284
1913  353
1350  194
577  0
606  253
1589  1430
1262  1063
1742  108
183  1277
10  440
1794  1504
1529  1583
49  1768
57  1770
419  1194
1328  514
1320  554
1218  1565
774  1264
342  325
735  1705
356  1143
1793  1189
665  387
1016  1738
540  1651
1603  1152
7  140
340  1757
342  249
1149  337
266  1235
1564  193
1489  1413
1814  500
577  403
967  268
270  1337
53  1338
1351  1542
268  1796
1696  1565
1106  1227
1086  107
1020  1628
730  1829
1076  1912
116  1398
285  703
1104  1210
341  1807
892  1469
586  545
1588  970
567  1918
936  75
1724  939
548  238
449  727
648  1242
1086  29
1492  1088
1843  537
1774  684
78  1770
799  694
312  861
982  1925
531  1475
1059  1550
1147  1604
58  104
890  860
1505  1492
1138  1207
421  1259
116  1384
546  634
201  85
1770  1306
1297  770
287  298
1014  860
926  426
1766  1331
1603  1412
643  1581
1578  1288
1341  886
404  361
23  108
1579  468
31  1769
1699  782
355  1599
196  205
203  1747
1322  629
1378  223
646  691
534  1315
55  1092
756  455
123  791
1670  943
701  1826
217  1921
958  812
532  1333
755  380
969  403
1222  424
1603  1696
1351  1868
269  856
1580  1253
1885  537
421  1715
654  546
790  553
1347  1508
1152  1445
1678  870
628  298
1972  1869
886  852
993  1672
303  862
839  1158
1321  631
1364  1546
1357  1176
336  718
1595  1857
1901  1393
835  1138
178  1458
634  1075
180  14
1133  1625
1441  1781
1229  1606
41  763
894  404
1489  1517
1044  274
983  9
1605  1421
152  1387
433  1425
1978  1309
1409  1654
1061  1233
1270  38
1075  654
120  1708
695  1583
187  1075
1953  1242
1217  1605
1509  1991
1030  961
365  1958
1688  1916
1709  689
1290  1410
992  765
1987  19
1735  259
319  713
1323  1179
621  668
1039  137
732  1409
1095  1395
1129  36
1850  251
1254  83
1142  1216
365  1810
1717  440
1073  1569
1092  1850
905  799
1772  725
1402  1879
1509  1383
1893  1801
719  52
1339  1802
622  231
1074  398
1556  864
1680  1602
407  454
1212  1104
925  381
540  84
1255  352
703  1148
1067  640
1  1400
1561  617
1566  1811
1706  1543
933  1446
1992  514
1058  1886
304  366
1737  1061
608  858
1878  1860
1383  1730
72  997
642  1240
1643  1771
349  1422
291  1773
1456  1960
1545  1844
1670  496
768  656
706  1139
977  584
20  1597
1920  1082
125  722
1050  1173
689  709
40  479
1469  618
872  352
1889  1571
1986  1794
1826  1036
1185  873
1642  614
7  1310
624  1095
1760  1045
615  456
319  961
364  1334
996  1568
383  1049
1806  1818
792  1741
265  1657
1613  1114
728  1534
1130  381
849  774
843  475
288  974
1253  33
1417  1637
730  575
317  108
136  1802
92  1350
1261  1121
1425  921
256  1761
1232  1972
1349  1382
1866  1063
1158  1429
319  272
26  1576
857  1187
829  107
1536  277
611  1229
1413  104
1039  1297
130  1216
83  182
596  175
107  841
276  1724
1386  896
785  1859
138  1212
781  1326
938  1279
259  839
1135  127
250  1918
596  960
109  1694
1892  861
1478  224
1740  762
1154  274
1604  1594
364  556
1627  319
1255  1589
653  908
1361  1979
1848  1916
1210  79
766  1717
1861  1323
508  1713
944  1892
548  189
421  712
839  1760
1998  1856
1611  190
1576  1634
1039  635
69  171
883  1238
1235  1492
1467  998
48  1085
191  1350
1877  815
1246  1852
1269  1786
468  774
586  912
1072  422
1296  1417
137  474
136  1075
1452  333
267  471
167  1979
639  1354
313  370
1458  1821
225  1526
8  1668
575  1337
555  247
1775  559
560  984
948  139
772  1408
1867  1681
1598  849
1968  1648
640  1047
1444  1623
993  1684
397  652
1360  1811
1326  45
915  185
951  899
443  288
997  142
1208  528
713  119
905  1063
1972  1686
804  1334
594  1480
1783  1347
136  331
1309  1942
92  585
468  1446
1217  496
1707  698
1045  37
619  1328
882  509
470  604
1642  1405
392  792
1005  338
1735  1646
1247  707
532  1715
121  249
1084  980
700  546
1853  1424
972  941
862  969
1489  619
1308  1910
1087  1254
494  690
1592  1368
582  845
1166  266
617  495
742  1434
351  1986
1454  109
752  573
1497  1064
947  469
26  766
1705  784
93  574
1238  914
1137  313
885  243
1296  272
563  1792
1196  1570
1501  445
543  1270
409  250
1626  1326
1175  91
1837  1724
879  773
1659  1291
1097  348
8  137
992  1084
1153  7
535  1971
1828  808
1501  404
886  1982
639  1878
142  1424
1609  148
1143  617
1001  1729
1944  108
651  454
403  1300
691  1517
1107  842
1462  1469
561  1219
54  571
662  1361
416  802
1196  64
193  1577
1779  1928
193  1971
51  1673
1608  1573
1233  166
336  207
1064  1686
1184  607
434  1931
1691  1937
611  1621
1080  986
970  516
1920  183
1631  1573
798  1809
1330  1750
1343  235
127  1622
182  520
618  723
829  672
893  13
417  1264
354  1175
887  895
191  126
907  1999
138  526
715  1073
759  1304
1616  963
1079  268
946  217
1666  672
568  974
1979  250
260  621
908  770
1734  970
916  1933
1946  231
1353  8
1665  1501
122  1236
1952  1851
81  1144
792  1608
1774  163
1274  222
484  1254
809  1610
1056  734
712  280
664  883
265  1993
1315  451
221  389
1848  1498
815  189
1387  1267
1291  97
359  1929
1038  1673
1600  924
768  601
1620  1459
1892  1508
219  1584
1165  868
1431  686
1471  296
38  842
1900  871
1030  1016
1793  955
1720  531
362  105
1015  845
875  642
535  1278
1459  235
1225  1085
350  1630
863  687
1606  1727
797  1773
1846  685
767  1219
221  1207
1455  1689
988  718
648  1169
399  1093
1766  1635
933  1631
154  783
226  1718
1618  1521
1211  945
796  1287
1493  1827
1248  516
76  609
511  1267
686  1138
1321  536
1583  753
1707  1619
1134  971
1971  1884
1500  15
665  1983
1798  1975
933  747
288  180
550  32
938  1270
801  420
1905  1349
453  1823
1365  49
113  1471
1659  1360
777  683
997  492
1856  357
1726  289
1973  1872
906  931
1421  1265
1010  780
614  1855
93  740
692  1061
1671  1571
1418  1639
1092  478
873  720
1785  1689
1141  1833
1335  717
1042  524
1827  1319
1824  1456
481  223
1154  549
765  1760
699  1156
504  1036
1130  1484
155  1700
1695  868
1325  1531
1001  849
179  1874
738  534
617  921
465  212
390  1615
918  188
1707  570
1440  186
1233  1150
1556  368
1737  838
1096  48
224  944
1670  869
693  500
298  1081
1006  1249
1566  520
1236  1112
455  971
631  319
534  1706
970  955
713  576
1158  1700
1882  257
69  1800
1431  1428
1550  1121
1532  1290
1388  1026
142  773
122  474
519  1821
792  652
78  717
1025  1294
570  813
1463  981
1985  212
515  88
537  1659
1869  1618
735  1212
689  286
1402  1513
1953  1327
1079  432
1702  1204
46  1940
730  1955
1534  370
1070  1980
879  1639
1416  1837
1630  130
829  1996
1003  398
1863  1133
1716  1424
1250  1554
1770  67
852  1321
63  1048
1696  1662
399  879
77  110
1076  541
1986  723
16  549
594  1866
1653  1088
841  1511
1095  1412
388  517
1138  1451
1126  389
980  617
424  1312
121  275
652  1725
728  327
118  136
183  529
1614  1167
1038  1413
1394  1377
1564  1468
995  1010
557  1886
887  1672
1529  1363
1179  507
1949  713
301  226
1031  72
462  1308
1707  1288
1336  986
1706  707
1320  422
1688  866
661  459
1204  817
434  1757
724  1775
57  1911
1511  960
1501  149
781  1586
866  1725
192  180
1454  770
418  499
653  1948
1910  86
994  1898
1971  654
482  1360
1486  1317
1731  291
1321  207
1570  1497
1915  1842
19  343
660  1597
1541  1364
1780  1874
357  139
1265  1617
640  963
383  151
44  1946
774  343
1161  442
1425  1693
469  179
728  1829
564  1035
1916  871
698  905
475  390
1492  1950
382  244
764  1408
700  683
1111  1656
225  1979
1448  1663
1775  380
1969  666
505  1849
1721  1480
1924  425
973  63
857  1463
439  1725
790  1544
1873  169
631  1937
1798  1119
1928  727
1684  517
1883  1923
703  1250
1147  1710
823  534
1459  327
805  1251
1680  1484
231  335
256  1980
1729  1969
1440  346
1136  874
1465  1675
104  779
899  1096
1817  1922
1136  1556
773  1000
1076  679
1107  1420
154  1742
1600  608
1951  1752
501  1840
1023  1364
984  1705
607  1334
1588  641
447  330
936  1760
642  1993
782  975
1577  962
809  1019
1314  1817
1118  319
34  1032
520  32
384  1947
1420  1721
1607  412
522  1822
677  128
1316  1956
1921  750
1086  545
591  1174
357  1260
990  1210
1659  1518
1722  497
1093  746
863  493
236  788
805  1787
464  177
885  1536
1589  1538
1430  1747
350  1442
1604  1608
316  1939
559  500
518  1617
300  103
1861  347
373  1128
0  1772
780  1830
1993  1956
1043  205
1308  563
760  7
226  718
166  1153
109  1411
6  1995
207  1647
95  1063
1109  1224
605  667
1599  640
1280  1217
208  334
1234  1761
1486  426
327  1463
1806  211
211  1230
1384  1989
1899  404
1496  497
1725  1502
1220  1290
1809  882
218  486
1985  338
539  1581
10  1115
1807  1800
523  1673
551  1199
1429  655
267  1120
1575  544
1954  1917
1199  986
1496  473
550  869
125  7
1909  1540
169  281
3  321
1234  1852
799  862
888  1658
1206  377
1803  1945
1211  875
1439  299
377  512
0  1538
1086  98
1781  315
1461  1388
1048  630
1662  629
189  206
1702  3
1395  572
17  250
208  392
1386  1390
1063  1241
447  456
122  846
1868  66
958  693
993  860
1871  1074
648  1550
1066  665
1671  386
1064  82
686  468
813  295
621  1502
5  682
1455  995
588  954
1641  1363
590  984
749  1501
114  1918
1319  1639
1238  378
1702  688
986  1143
1983  323
1248  1994
296  1204
1234  766
9  1137
389  1901
1846  1805
788  1884
1133  430
622  1112
1214  1579
415  18
1209  1640
1730  642
1140  1282
1907  1569
254  781
1307  1077
1155  260
716  912
120  696
785  1407
1722  1334
620  629
61  269
58  980
344  1097
1660  891
250  1074
1094  615
714  1774
552  981
1432  409
852  1690
666  1485
1864  82
334  1659
901  949
194  251
622  463
1288  107
781  721
608  1912
106  436
1796  497
300  1719
253  1566
815  1875
239  686
866  11
326  1274
1715  319
1845  1344
101  739
162  42
976  1230
1816  1902
1458  1676
1602  89
1810  1485
824  1317
1013  1446
765  46
311  717
181  1130
1790  571
952  1689
762  1440
781  414
951  304
1958  703
1233  1102
439  1475
281  704
1319  528
325  1324
750  369
1990  718
1325  172
1797  536
1886  1271
222  1142
1603  283
1004  1415
361  415
1741  1269
219  1985
1232  521
1562  968
1856  1374
1749  1577
647  1215
122  585
71  626
873  1311
1402  1329
1975  1011
303  1999
1307  744
1103  401
723  51
1382  420
1973  975
1624  1703
151  54
1793  124
1050  991
1431  1206
1523  1385
640  918
1039  677
1407  1092
1949  1115
1665  892
1971  1145
941  659
1297  1302
1026  1671
973  1589
94  1034
969  1275
1356  568
1292  1379
1508  177
1872  362
330  661
1920  899
604  323
165  258
1121  899
416  1198
1754  851
1607  1789
690  1765
862  1883
1057  1884
1505  448
1317  553
1728  1047
1720  28
1964  711
687  1775
1141  1406
61  773
409  1577
1050  44
466  80
1781  144
724  1799
1173  210
1673  1040
1336  1156
1632  419
67  9
1965  1878
184  95
1102  215
1376  1472
517  469
774  1552
566  1386
569  933
469  537
511  557
1250  1637
36  458
162  1606
1076  1948
157  1463
447  1932
516  933
194  887
359  1612
951  13
971  1730
493  1286
409  1781
1971  821
1174  59
1097  1388
57  145
178  1468
480  396
1891  1506
401  1485
1525  621
1688  1205
105  1353
1533  1563
1238  1357
431  267
984  1506
729  1949
80  445
1697  576
904  82
1500  1705
1297  1316
815  643
1424  957
1190  1689
140  1297
286  1442
1035  775
1930  1235
537  59
1899  527
180  247
239  1718
1647  1690
1178  488
351  512
1186  713
1902  1624
483  199
1204  1387
1282  1585
983  1116
700  1694
1079  1218
1708  586
1431  1334
757  835
1034  1089
1466  583
1365  284
693  36
224  1545
1192  1263
1897  266
583  979
1257  302
86  1383
28  457
551  1785
1435  1675
382  874
697  1926
1253  531
1041  1969
792  730
1210  1077
913  499
1786  391
566  97
1626  260
937  1330
221  525
1988  870
1754  1716
1287  1983
669  1847
788  1364
339  1149
1290  1132
904  434
342  1536
549  223
1473  313
1166  1542
386  666
160  1175
412  1984
773  644
85  1958
126  1162
188  1010
558  391
1998  72
324  129
19  1929
956  929
1212  356
458  233
871  821
709  957
323  1360
942  538
1452  6
1727  614
841  1043
1455  931
397  812
1885  315
1851  1830
1918  514
80  1718
988  1393
337  1493
571  863
452  1865
961  1064
867  1786
1738  846
1875  1074
1364  1912
141  1567
1986  1862
861  352
827  750
222  1000
1298  1856
1119  856
655  196
530  966
599  259
960  472
1125  587
707  586
1621  992
864  1755
1565  1950
702  1900
1357  1483
1744  1178
1449  976
1841  1721
1040  1425
1432  1088
1494  1716
1810  78
679  1728
1148  1208
410  1430
645  967
70  163
1737  1571
1173  984
1432  1859
547  313
144  990
378  878
714  1068
1946  1233
758  804
624  1925
1700  1489
883  201
574  1242
439  1870
339  1933
54  221
1397  418
747  568
917  618
1798  965
1901  434
1519  1431
1330  381
1839  1740
1768  1223
628  614
1184  1505
1919  466
1625  1357
502  872
832  1531
267  69
307  698
1151  340
1774  1309
482  1130
1270  390
1858  1739
869  285
925  149
1500  1424
94  70
540  1221
1885  1205
104  1022
163  1321
739  15
1531  1254
1403  1294
1916  1618
906  497
1975  94
677  1760
1166  1115
233  1279
1012  1410
1825  582
1991  1447
388  852
1134  247
183  1619
1970  1848
277  861
524  1747
1802  1713
831  1784
1924  1912
1310  1898
1697  1027
119  410
1316  1217
469  1418
230  1965
1439  647
686  91
672  595
1627  1180
1503  979
958  421
503  1778
1617  101
1974  586
296  1404
606  994
114  295
139  34
788  1319
1003  884
1527  613
832  135
872  1470
738  572
583  1466
1855  1688
461  200
1140  55
922  1593
354  400
1465  322
1109  1232
195  1191
1589  478
790  190
1336  203
1571  1224
1652  1311
782  67
998  587
1559  385
1976  15
919  1500
646  107
1783  777
722  617
410  501
1328  578
1593  497
1323  1857
1737  1383
1709  1091
406  546
1071  1836
1115  972
1066  432
1654  205
708  525
140  1327
655  1223
1881  964
1800  1219
1240  1599
1305  318
1389  528
1194  1754
854  414
1971  678
16  1823
1886  1287
451  319
766  316
88  1057
1934  1985
876  899
1330  835
1087  1104
1406  1142
418  1836
329  472
1011  1793
631  1077
1992  464
946  1277
1117  203
398  372
1792  1157
1205  1881
1066  93
299  1489
211  951
224  1697
1396  1198
1209  459
831  533
176  644
995  1206
508  568
10  1746
309  1357
1633  160
691  385
504  181
754  1938
938  1711
301  1617
877  1927
433  398
1087  690
1389  773
432  1496
1535  1323
1561  880
426  1191
1034  1523
1317  1305
1467  548
1695  1477
1641  1348
79  1875
1294  315
462  1778
119  167
1206  701
907  1086
1401  1440
1029  1660
280  1666
414  1657
1914  459
1227  1617
40  504
130  1754
647  1467
1595  911
798  1134
1565  365
658  1005
784  1500
1977  1738
811  1193
770  1599
469  1593
1046  447
1609  884
999  832
1229  1095
835  1049
1991  725
996  954
373  413
1975  1756
1106  1030
1742  112
1857  570
1289  565
1621  1362
163  1743
1984  765
702  902
1607  1361
965  925
643  63
615  465
1791  1423
647  1495
383  784
1956  681
186  42
712  1534
763  1671
1766  1687
1554  18
612  1539
1522  487
482  277
1192  1037
528  1903
1299  569
806  1057
1251  336
397  84
1164  593
1937  279
545  546
1006  1145
1999  1792
460  538
488  1642
1405  221
1093  350
668  186
343  1894
1829  593
1636  1599
699  1721
154  1478
1256  858
1532  680
781  1454
1222  731
535  1909
1603  1272
92  821
1212  386
1781  895
1860  1632
1894  270
378  1196
953  1595
67  655
1747  1606
946  196
1529  1613
427  1137
1807  1676
1043  1715
1849  660
1674  1073
1949  1600
45  6
984  763
1405  1526
697  640
146  312
1265  1209
1991  473
1303  1700
612  1102
681  685
1760  1462
989  1800
224  309
1879  1238
1773  1915
513  801
90  1576
1005  32
1549  1543
1351  1212
1016  1833
299  1322
1306  190
1100  207
90  940
1611  1788
84  1420
1936  176
1905  354
1344  851
132  250
976  1163
1718  988
516  1032
1632  184
1498  1096
312  17
286  621
798  1943
132  707
1104  922
1795  65
954  924
1013  838
428  1047
1197  1665
246  1598
1920  1930
78  1129
1400  261
1602  1219
235  1095
475  1610
490  153
1195  1749
182  129
1044  1564
548  453
484  960
717  543
1499  188
1332  1306
1210  670
596  1845
21  764
1829  919
1121  89
1750  556
1102  1388
83  1968
935  1263
959  36
863  705
159  1095
820  1607
1392  1046
1281  222
1594  1970
1638  499
1150  692
1038  967
1103  1068
1580  1996
630  302
565  1130
603  456
423  691
1414  1060
760  298
362  1747
1112  1408
1042  1060
692  1263
1064  1429
1711  60
1597  658
675  1054
1281  153
1214  611
551  1016
1930  781
254  1042
254  1388
423  1111
1588  1959
1927  192
1281  1587
718  1075
72  1361
1214  932
1536  1735
944  177
703  328
437  1805
1637  1833
1704  459
70  1610
1497  679
336  1412
1741  1496
1460  1143
482  605
1541  186
913  312
1568  1307
60  1644
1660  543
191  1877
1105  624
1865  1067
1556  1382
1816  455
767  1928
1910  1505
535  1822
1565  1920
1640  725
1662  598
517  206
1088  86
1686  995
177  1344
1640  1625
1399  1032
206  83
1864  777
1998  408
378  620
486  767
1605  415
1057  770
1131  1027
1745  1134
276  847
992  377
746  436
1460  282
431  463
142  416
1270  1947
1300  598
1760  265
629  383
1046  1525
841  78
227  1456
84  1491
0  1840
803  479
256  610
333  465
27  283
1265  860
853  1584
1831  1424
1178  1422
674  1319
826  1750
774  589
580  1396
1120  1972
710  1999
1485  1273
400  1250
1336  1861
1629  1865
938  1563
405  152
1472  1816
1007  737
235  664
1856  158
1409  1892
895  61
312  1686
159  530
1101  551
749  1933
531  1521
23  1679
985  987
360  1165
621  1235
472  284
9  1684
1954  651
1702  291
1116  1466
944  1727
1712  1081
215  1883
510  1529
466  625
1590  195
442  1153
288  1454
1591  3
1680  1949
1359  61
1953  1928
1019  999
717  90
1855  1682
114  616
97  1197
779  1017
868  307
1251  1343
444  1454
215  1705
963  1315
1040  1209
1586  540
1793  70
439  974
1379  301
1224  1712
83  1604
1750  1776
1279  1486
1659  332
302  1377
769  927
1019  1417
1362  534
1753  1913
1613  700
772  1259
1284  628
309  410
604  409
347  139
588  1295
1689  1567
620  1759
1280  1100
18  215
145  1347
1371  1392
1630  979
871  1493
533  1488
1453  807
1084  1911
1989  1885
1517  409
1870  680
23  1856
654  299
744  743
1583  1533
1498  371
1827  242
965  909
573  502
560  1722
1824  1113
923  1142
1125  1206
1596  1746
652  1319
685  874
1452  760
126  919
160  1886
969  1832
1531  271
620  1150
636  1876
1459  1924
1413  456
1845  597
1920  270
54  1214
176  45
896  1316
1532  1033
1037  1240
380  398
1577  394
1101  1105
1032  410
918  1418
1204  1501
1880  1922
1652  961
128  897
1029  1659
234  1799
688  1391
1362  1716
18  316
1242  1
1451  855
114  1888
1710  1369
588  348
1853  1790
945  699
400  119
260  557
1527  734
864  1719
1736  1449
754  666
1108  392
1169  870
1377  1668
1109  1901
84  1698
659  1506
108  1320
155  1701
91  1907
443  268
431  73
152  468
729  1374
116  974
491  944
1174  130
1114  1822
1390  1745
1230  340
667  1354
1768  173
1856  916
325  713
579  774
100  1367
1332  965
274  1879
1211  1149
771  415
1531  1657
1855  928
1643  1401
1450  1486
1192  393
408  769
499  604
1893  1416
1666  1394
186  828
356  1090
159  1232
594  1874
544  367
1080  827
960  1652
72  934
368  1691
1368  1348
532  1
882  1715
1739  1392
895  1637
960  732
275  968
1966  1212
656  482
740  256
290  1660
52  421
1504  1190
1059  880
556  485
1981  1230
473  678
455  246
1809  1106
1760  1965
188  1906
195  1987
445  365
1879  490
1672  653
1337  1193
1576  1513
1446  192
964  1177
1532  108
589  973
726  678
860  1923
1912  1747
1746  685
1660  984
505  113
1841  1995
1439  1322
1974  308
861  909
370  969
1873  1371
1159  417
632  1996
1179  1300
1738  1337
1753  1883
637  613
1597  1068
263  1369
177  1510
1527  948
1184  563
1636  1477
1539  467
1199  907
1529  471
354  917
1445  1124
327  881
429  991
1044  1294
642  340
1783  804
1000  1162
840  1187
615  1684
1942  287
1794  328
51  312
46  1084
673  1543
996  791
1001  1025
1053  1231
1531  539
858  38
1012  119
1483  1669
903  1421
1453  458
291  570
1199  1913
1630  1079
1508  665
612  1352
458  47
1914  84
1332  532
1417  1952
700  455
1105  1184
422  1443
1950  1455
663  1455
1954  9
67  944
435  1420
976  473
1478  102
986  109
1265  374
1355  1244
1840  1825
1922  1793
479  560
1810  1868
1441  1744
1331  904
291  142
619  617
612  1645
1811  809
65  1214
431  378
403  1568
1995  3
860  982
1451  1252
1190  1736
1135  1275
1417  1682
1209  1193
136  1911
717  1600
1998  84
1533  230
1214  842
591  183
1429  1286
1804  1076
833  550
79  617
1436  33
1011  526
369  503
1955  351
560  529
1267  1155
725  730
242  629
324  1466
553  1151
1728  1369
1586  1750
550  834
452  242
35  1023
1664  914
1434  545
817  439
370  1100
1057  945
1578  1180
1009  663
1496  785
1093  1261
1133  728
291  1477
468  419
574  128
1743  1626
1382  1655
1662  1331
212  430
1619  1371
616  1666
1338  200
1195  157
835  365
1690  208
462  619
1516  1849
931  119
1821  1108
1352  1299
949  421
1335  1765
187  1431
1537  1328
667  1823
1622  1736
1059  1754
1676  908
711  1344
409  211
212  764
1533  285
954  698
58  787
1208  107
1389  83
203  958
551  607
1816  1452
597  1730
524  1509
547  553
831  879
585  96
465  293
1925  1597
1567  1071
1865  942
1580  506
543  128
745  985
1038  347
1475  1403
436  1476
1516  1526
898  646
406  1850
1047  1807
1871  1971
1682  893
1301  511
1737  1279
1947  1136
511  999
600  471
1935  1177
1574  1134
812  1565
417  392
1002  1198
375  423
1248  1312
850  793
53  1057
651  849
458  1590
1520  1421
748  1087
249  1814
487  1492
285  642
1312  282
529  1670
544  1316
464  1631
660  1299
1717  115
312  1869
446  910
1526  1262
540  1185
394  1483
1301  1318
1480  15
689  632
388  1634
1841  1246
1043  1907
1830  650
611  1689
1465  441
373  1357
1412  417
1211  1097
1170  1875
88  281
1405  5
795  146
183  584
52  621
609  832
1409  415
631  658
632  989
816  402
98  820
1858  402
1768  1934
1022  1421
1400  537
1466  256
1061  1806
1460  489
777  1435
240  1296
589  470
346  1133
1525  296
1790  1367
757  1454
1194  1394
1217  787
1860  211
1126  633
1045  1599
1048  1050
740  509
514  1120
105  1182
1586  379
869  1936
1065  916
585  906
789  478
1254  25
213  1748
876  1384
734  1653
921  1153
564  247
626  1374
553  1981
403  1074
741  1214
469  1821
225  1728
1272  328
1383  1098
1260  140
1012  1169
1183  1625
775  1761
1988  1988
1715  215
1428  526
1339  1582
494  710
1223  994
1012  529
1471  1319
1486  1586
1660  174
1350  510
989  1524
1625  1132
995  212
1320  1551
455  134
1782  1476
597  590
1450  1414
1832  223
79  278
1710  893
1934  592
1173  823
409  943
1982  150
81  963
327  791
1480  1742
1566  1990
620  1656
348  1899
1680  1081
387  934
312  1158
1984  1480
287  1496
1645  431
492  1112
19  1787
52  1210
714  1748
172  108
36  1455
1374  936
304  1374
1442  623
814  5
47  1632
1179  1503
1619  982
354  407
1859  2
943  628
1790  709
961  293
1975  80
33  280
1407  1965
385  526
1176  1557
1245  1496
1210  984
1300  834
451  1708
1864  106
796  1476
819  1600
1363  1491
1706  1868
431  1760
992  970
180  1067
1992  1339
1270  316
554  49
54  1190
1561  1128
613  1479
1945  1207
1120  1698
789  1826
1233  1168
15  81
579  0
1787  1468
1446  426
943  1575
665  1278
881  757
734  1479
1515  1639
1727  824
1003  372
1162  1409
793  1312
27  626
1201  1385
1556  587
723  822
488  1329
1573  674
1993  497
1324  967
520  592
1746  1718
70  1857
1458  1783
586  1082
892  760
894  397
651  1988
1280  727
167  1103
1291  1651
1433  1947
1364  268
1838  1517
181  317
106  743
1559  236
1747  1783
662  769
193  1985
1905  1643
1359  799
1000  1029
481  1340
183  883
559  301
1383  733
1642  1450
455  1409
428  779
567  1772
548  1185
1183  1122
1971  854
1760  54
1448  314
336  1482
1491  969
1111  226
741  1993
986  1620
212  1454
1121  66
1612  1685
1798  1618
408  1914
1382  488
1634  444
79  1778
1658  1277
1099  1439
999  815
1184  1351
1437  425
1805  1206
1555  7
30  1872
1827  72
1700  1742
941  1935
219  87
1529  1629
1077  1536
646  1961
795  1626
1586  1668
1497  338
1178  425
1852  18
906  250
165  393
1682  1532
1119  1777
1248  189
71  1
1298  1667
1413  233
932  329
1703  1864
641  130
1669  262
1707  561
940  1604
267  176
138  576
847  56
1177  1401
523  793
47  1707
1481  1294
1742  898
1283  550
1159  1557
566  188
1059  1432
1864  1773
433  808
193  393
1568  1299
740  1639
489  777
184  1384
786  1925
1304  484
1553  539
1591  1181
850  90
767  1803
605  1447
1265  873
1845  1697
1406  476
903  802
281  1097
1608  1184
1469  256
1481  877
1135  604
1425  769
710  757
407  1920
713  1378
751  399
1848  1287
117  799
543  1881
1245  1033
754  879
1729  1288
354  216
984  250
1900  1289
584  1532
1717  1661
432  1100
844  265
923  1960
985  370
291  1251
1583  1773
1628  1192
648  831
1850  1866
1044  1694
819  774
1048  133
484  1372
523  1765
1723  504
1879  951
1612  234
315  81
827  1424
631  232
658  596
364  37
1912  1233
865  1006
1814  301
1783  174
270  1833
1993  669
1739  1591
487  764
614  128
596  363
1960  1044
1990  117
222  1683
541  1506
366  869
1876  287
812  1633
1489  1856
595  106
1689  564
1066  1821
1832  1237
1395  632
1849  1601
1233  666
359  136
1140  1901
1568  1423
1992  1188
352  1164
264  1044
1272  1479
519  147
407  414
58  1078
622  1082
1661  29
1506  1357
411  1708
1953  981
1398  1319
1056  82
1923  897
1819  860
771  927
1540  893
1795  473
1579  344
149  1410
1341  464
1184  376
1126  537
360  657
166  1643
1110  395
656  654
280  663
950  1671
107  417
1859  1558
396  41
741  209
666  411
245  1381
592  1766
226  618
1065  498
164  887
596  1131
979  823
1511  1684
1364  60
1904  785
929  540
1611  1157
1585  136
1172  1841
1290  1924
531  1841
135  1231
755  1662
372  1812
364  1050
1600  1244
392  1811
1858  533
350  106
1989  1363
959  1152
1448  1444
557  1958
282  1784
119  1950
1436  413
1883  76
1814  498
758  607
1543  1683
878  892
872  729
14  53
1652  791
440  980
95  160
1245  1120
228  447
105  1526
1594  878
1642  839
1883  1774
9  249
980  1977
1938  944
1541  1852
1755  55
1395  913
45  15
1326  119
660  1712
100  192
983  1471
513  345
1800  1721
1004  887
247  1061
107  281
1861  1920
1206  1450
534  1087
925  1795
353  661
1155  389
1174  678
1493  1426
282  1765
1273  1462
376  1772
1640  1554
749  479
1316  231
702  641
713  509
1152  1887
979  14
394  1359
1273  1269
1574  884
1293  2000
395  781
396  1787
1952  558
1260  1442
1618  932
597  1333
1922  1582
434  1621
1443  1018
1731  40
263  1586
1413  1548
13  114
1016  1120
1137  875
70  1547
38  213
281  253
1735  338
1882  349
78  936
985  181
536  407
853  1637
24  1037
489  658
316  1787
1900  1003
1123  1886
1537  1216
730  1985
643  1796
535  1177
976  906
1835  861
382  1741
1703  1530
1979  852
1219  1733
1364  214
1962  1774
1373  1823
1382  712
723  992
635  749
1603  327
137  109
493  906
744  1202
1321  1179
938  838
1587  894
489  1528
101  506
1723  1971
100  1814
793  382
1038  913
258  807
365  1099
471  611
919  1750
1184  1287
88  458
79  1055
470  1393
1460  247
956  1075
116  1761
1576  951
1536  403
1091  833
1001  951
1501  16
298  283
821  1071
382  1137
532  512
1087  127
1958  1608
454  829
1521  677
406  529
413  1966
1988  1935
1683  1246
1099  513
1304  477
1152  388
1599  971
98  537
1357  378
1143  1597
517  965
1924  165
1690  1681
1600  1713
1192  1980
843  250
763  396
1241  646
1816  697
1876  735
1193  1856
848  1253
92  118
1142  1645
55  1584
1373  1127
712  499
232  1626
907  840
1667  469
475  1288
1621  1754
953  186
752  385
1315  1214
818  1397
1780  1848
1657  529
1374  1834
746  675
726  1566
810  908
1467  244
7  594
1419  107
66  1390
166  493
1715  125
1756  761
677  425
719  1041
877  1007
692  655
218  312
1481  1694
1100  318
1817  243
611  1691
1583  1929
641  467
1106  1586
1623  1663
1797  1874
489  79
820  1307
844  267
1385  1269
281  90
1027  599
461  1915
834  57
1095  920
1722  972
617  195
720  351
150  1466
1648  979
1793  572
1545  297
1798  84
1702  824
420  261
1429  932
518  1370
133  427
1703  591
1759  1886
862  471
83  1007
1641  268
1387  1224
279  448
196  135
