10000
1576  84
659  183
1244  242
204  1516
1368  908
1850  1957
1467  1751
91  320
348  1898
1915  1058
611  1189
1274  875
286  1590
1083  259
80  1945
919  1573
1028  1365
1189  1097
1495  817
1600  1047
819  1606
108  480
705  774
1623  771
56  818
1988  1326
1148  912
732  1024
1229  1348
1722  263
1733  1294
778  1362
1014  1473
1913  1531
392  432
1859  1608
404  189
675  155
361  928
408  1935
884  1264
1200  88
1795  1447
1859  646
604  1826
1774  443
899  1937
205  816
532  446
53  978
604  1775
1071  89
853  1596
1483  643
1170  145
810  479
687  67
1749  1429
362  215
819  432
490  1158
568  332
911  919
1544  958
1982  951
445  1896
205  895
1274  535
1554  394
1188  1897
823  795
370  1764
1299  1304
24  1812
690  193
253  1141
1887  529
279  1369
1940  650
951  1068
486  100
660  1427
1342  1978
62  1592
138  1798
914  869
41  1508
936  1768
984  1105
774  1155
1639  1703
1714  72
1426  303
825  1514
1687  1973
232  219
581  1476
562  927
1698  46
1625  1876
395  1696
1445  30
1578  1012
1353  1373
1643  1722
1226  460
113  1501
1063  1675
1147  1799
702  1735
509  1558
716  883
1081  51
1451  1514
659  1375
1875  1159
1174  230
1230  814
1790  1696
686  1537
973  289
1315  1364
1593  252
211  1195
513  680
59  843
1918  1297
590  1193
37  1306
684  336
901  76
1962  762
632  802
403  863
1633  721
1087  583
895  118
13  1993
814  1330
238  1069
1747  1907
1117  243
179  1004
1503  1182
1666  450
1024  885
364  1128
1859  1169
1464  1990
1371  585
1680  155
752  1481
1306  1887
802  196
876  1443
1484  409
852  630
187  1008
823  311
1589  730
975  1033
1185  762
1047  247
1490  831
1994  1236
746  1439
608  923
1603  1489
88  48
1628  0
543  367
1670  1022
1993  1923
240  1263
248  1745
1982  609
763  1408
481  853
1916  447
399  200
42  1268
1356  1115
1246  673
1548  974
628  1540
1994  1940
872  954
1603  971
887  847
181  1584
1222  824
532  345
1917  285
197  702
722  1885
1589  1131
1006  1702
1730  1699
45  390
1181  1395
798  1659
911  1921
1189  136
1138  312
1834  307
1888  1214
1122  1722
1360  1961
1367  1638
1515  1228
568  1875
1374  310
413  819
323  1444
1832  504
336  795
1830  109
1840  585
985  1712
1905  1566
888  1472
1134  1509
189  315
1759  1604
1268  1747
1015  1069
1195  642
767  1321
937  306
1913  1866
1522  1692
437  1761
183  1429
884  1428
663  1509
1704  1573
1995  103
372  1208
1174  995
382  899
305  1029
875  742
1385  1201
427  231
205  1185
1567  749
458  1213
24  90
1598  1370
1366  1204
913  1681
1661  271
636  1024
1787  1935
562  846
31  147
217  55
764  1914
155  153
358  1286
1931  1345
836  1270
1352  1562
1600  1241
1285  1598
562  1945
1764  1758
1078  1690
1229  599
1553  616
1210  1680
783  17
1937  1114
870  619
1541  229
1113  1206
1734  47
665  438
71  87
1478  1528
1867  333
128  458
1948  51
1534  1970
778  1696
1663  277
1716  1987
247  464
63  761
485  1862
1130  444
1278  6
1747  61
378  1267
621  1812
463  1512
151  627
1725  1855
1918  1456
1500  186
395  342
1292  1757
1736  1536
368  226
275  414
1791  1130
856  291
1784  553
1731  1697
1191  134
1866  891
1140  1143
918  1245
1733  980
1961  1566
1980  735
1585  746
1950  1234
520  1394
1188  417
872  1834
1773  286
1570  237
606  1538
32  1674
1148  1136
1847  1242
807  1661
1219  359
516  1032
34  42
474  1253
1833  1668
1448  1998
1837  1728
272  247
753  1313
346  777
1309  459
1848  1085
1695  1141
1206  409
1179  1897
1104  1876
1859  656
1333  1226
544  851
1789  509
1542  616
314  1409
202  1858
1306  1290
1112  1914
1837  1708
336  1859
1610  1690
1327  1417
913  397
1517  1476
1876  1639
873  766
668  1118
53  645
780  970
1812  1051
1231  1516
1066  1593
758  400
916  519
1150  1687
1701  731
1436  377
843  879
1499  276
1940  652
929  1292
214  64
1564  552
170  296
1887  1105
262  1114
845  1236
1553  354
842  822
490  330
1044  1266
1284  208
869  178
101  496
1697  583
1578  163
83  58
16  190
1397  706
802  1615
917  1971
473  5
144  29
1002  51
44  1621
284  1283
276  343
1058  503
1631  906
384  984
1300  1280
1047  123
1911  695
1296  1570
1794  1622
1213  1633
1834  1033
1979  1072
530  738
873  660
1371  605
242  1097
261  150
1351  1074
1354  1339
1851  1188
291  1633
1118  902
1439  775
283  843
150  976
1955  742
754  1646
1760  433
1961  902
451  393
354  1968
532  465
100  1145
1234  572
1684  368
574  254
1278  314
641  1713
271  667
1885  1813
737  549
845  816
1938  216
1577  866
617  350
1627  1374
170  93
1839  1348
1592  373
1434  1832
1504  77
464  186
689  1641
1901  721
1774  784
1509  1448
1850  1663
1630  148
906  772
2  1470
1391  1934
319  329
1742  1028
647  1518
985  95
1112  1623
627  800
1414  604
1133  985
1865  1660
1500  380
1933  392
1940  325
1998  461
155  1790
1276  1123
595  1373
798  343
121  1690
184  1301
548  1436
1105  1378
633  606
387  1955
706  1397
513  1425
539  1721
88  299
1342  355
750  1168
1294  1575
309  877
686  273
1794  835
299  1687
1790  1226
235  1544
1614  778
977  1722
621  129
1499  702
1299  432
1442  442
1939  1137
176  638
931  987
1619  1509
1949  182
464  523
551  985
1703  130
1018  1158
1608  1350
1558  1733
1333  43
645  1133
1992  1767
73  527
1735  731
1601  1623
404  1481
113  634
1144  1824
1850  223
575  1577
82  1025
835  853
69  430
145  1459
1149  1926
1867  1866
1836  1021
1491  524
363  712
825  592
48  809
1520  872
301  1018
1786  1074
463  435
813  1213
451  1865
925  183
241  1754
789  829
1941  537
421  578
1675  409
749  1395
297  682
1845  1516
27  233
1702  113
1225  259
1148  408
1795  47
998  1290
1446  1128
739  1605
1357  1190
534  689
1992  923
1765  18
1998  1215
1759  13
503  505
1004  1723
1046  1626
262  1103
805  1206
38  341
407  55
105  158
1947  834
224  1755
1794  131
1673  1640
1475  1445
1178  1581
271  1134
878  1627
1351  682
133  567
376  1138
209  1290
1009  1
614  1309
1043  1107
1944  436
147  1936
1618  1226
347  853
1734  856
28  1854
518  1846
1227  667
768  1468
1930  1593
1498  1254
1881  1058
596  1717
742  1255
1985  601
781  1035
1412  1287
722  1679
503  1550
1091  1882
469  1172
1186  169
990  1953
1680  715
1736  953
126  648
290  47
684  369
123  347
1233  1512
302  1640
666  339
1053  1672
1589  1509
974  21
279  1975
23  273
1847  1509
1977  1275
738  1669
1707  687
1231  891
1653  1822
1748  776
1417  564
1210  1766
655  1978
56  413
1716  1520
1058  1481
556  472
862  689
1534  1910
1989  1760
340  401
702  1967
368  123
1700  760
1265  1185
1484  1252
698  1118
24  1886
1302  546
579  267
983  1479
1049  1354
1914  1804
672  850
1972  642
1155  1231
1524  794
1123  1717
1144  1233
1647  1777
33  1444
429  998
1103  601
90  396
267  204
1006  1480
150  1350
463  245
1679  1123
1981  899
787  1560
27  909
1200  1586
1913  305
232  932
299  211
132  347
600  1401
214  304
324  130
1265  874
1315  1562
1472  929
262  1412
732  284
520  887
685  46
1720  1802
1009  959
1838  272
357  113
69  1528
964  1212
931  1528
1263  598
383  774
1792  1414
1264  1306
1227  768
1480  1391
1657  1621
1152  1878
666  1293
1165  1068
7  948
1966  530
1607  1019
1034  595
505  815
1122  844
1267  272
601  1009
1483  951
1510  1003
1327  170
1921  653
854  1635
566  891
1751  335
238  40
1623  275
1515  1192
624  1652
1127  669
945  403
985  784
1928  147
1395  94
1767  1497
1335  1289
280  1677
1145  561
965  1883
63  1316
1458  1926
386  928
1776  505
344  931
1935  290
535  1798
377  231
1628  840
1364  1072
1165  997
1988  1999
195  282
1258  540
1952  1900
181  1410
173  1631
1875  618
170  1707
1641  282
1705  1365
937  1396
41  1784
69  1615
1324  1748
201  1537
633  594
1154  1599
1163  1638
870  858
226  972
1895  577
379  1834
803  862
709  740
645  1317
1312  1186
88  436
388  609
997  319
1361  1991
1668  1530
1800  528
1117  1345
336  890
364  1935
916  604
210  0
1675  1611
988  1342
964  97
1321  1660
475  229
1247  1009
1163  718
875  544
1513  294
888  1419
841  1428
89  236
1821  1203
779  36
169  1935
1407  1264
1645  1448
669  24
148  27
62  743
1583  1021
1924  1180
303  1703
1160  905
927  123
1150  1996
47  1689
545  143
638  1643
851  109
1888  945
1747  677
376  1420
893  1837
162  1845
1667  1524
344  1662
1041  685
1959  626
1385  818
93  1615
909  1061
1020  67
272  670
616  1326
933  60
91  1009
473  271
1761  0
777  677
1337  1022
700  1586
1843  1279
75  159
1345  445
346  1584
56  701
532  527
1791  914
499  1421
1100  919
1519  1626
433  2
530  1263
1767  1948
1712  1604
1393  298
923  1580
1908  1876
403  1549
1082  1918
337  628
59  611
146  861
237  784
814  1439
1670  647
126  728
1780  786
994  876
185  630
413  728
1014  268
1073  990
770  824
1922  1537
932  893
1731  376
593  1558
1289  1229
1314  1716
628  1858
1311  179
746  467
1846  1496
14  555
1583  1976
1634  607
1161  79
904  149
447  532
1335  189
1210  1406
1890  1993
239  1957
1854  429
962  218
51  56
1262  875
268  1773
1965  1679
1585  638
1119  408
1761  659
1979  1065
1793  600
208  1531
1244  1741
1876  598
1602  1136
1476  817
859  123
1862  1004
41  265
449  531
853  807
643  40
701  1469
1986  541
1355  1593
1835  1730
1285  197
1726  734
540  1401
1818  1819
292  1441
710  1281
518  105
752  676
1910  1601
405  571
806  1947
1617  1570
850  977
1258  1513
893  438
894  1276
374  107
799  420
974  1402
304  1435
670  1594
1798  837
1507  1156
1372  1456
192  698
869  35
117  75
25  1374
484  1897
1832  660
1574  284
122  440
1946  431
1639  542
1471  1630
652  1455
885  1357
476  103
713  1384
1871  1612
1031  1530
781  1036
770  1990
1472  13
1132  510
1383  1804
891  601
100  1057
1832  241
1408  1332
1089  217
25  1683
1900  117
452  877
617  482
1108  203
1075  1628
1856  97
119  206
1553  50
1376  1210
171  292
1680  1534
898  997
1650  896
1632  389
1167  1306
1687  1938
1688  275
1238  243
1144  262
230  637
286  306
828  1155
528  1708
1812  268
1677  1019
319  525
382  1296
811  1652
443  68
1214  1835
1368  1255
1416  77
1552  1249
200  1991
293  518
893  64
1514  519
1065  147
1448  1861
74  887
1540  240
1522  1672
1978  904
1751  1
1399  423
397  1178
473  782
192  556
110  1049
287  1111
902  420
1004  789
1242  1282
70  142
639  1608
11  1279
1121  936
1408  1748
1991  1943
377  887
1706  1688
1177  945
736  1587
1380  1102
1555  1305
778  1997
1735  1478
1459  1275
1436  715
1492  1919
828  811
505  1165
209  65
1264  1284
608  499
1163  599
157  418
1051  216
1969  1780
331  772
495  383
1373  1060
181  1418
1710  1494
871  233
1787  69
1644  953
1767  84
1530  349
440  818
1971  1461
1877  1124
1834  23
7  455
1543  998
1772  1339
12  349
8  990
1694  1254
481  1994
1487  1178
840  740
0  706
1517  1045
1391  1573
47  1564
1960  821
817  1869
1262  115
1642  163
340  1415
237  435
77  561
559  1274
718  1024
413  1237
1191  1681
660  57
1545  820
472  75
801  156
77  268
1958  170
543  788
1699  957
477  1032
1714  1474
113  1328
1950  456
1134  580
78  1185
1097  225
780  1089
924  1838
1015  1697
1312  1686
192  472
1237  680
607  469
627  625
1139  309
1528  1118
104  1385
1314  1072
1441  314
1195  1843
1077  1422
1819  1204
1576  412
830  970
1212  1359
1065  1271
1592  1258
75  867
50  1920
779  815
1347  1208
864  535
984  802
1659  784
236  1821
1284  1305
1410  1731
1044  716
202  392
812  221
566  1826
1475  1978
66  999
1276  11
992  668
575  880
346  1289
123  1297
1549  1338
242  384
887  1967
159  1406
306  918
1716  64
1046  1816
1510  507
244  140
1570  1950
1299  1035
1600  776
1903  1851
1513  1346
390  1203
1039  1586
790  295
345  1828
604  316
1892  1968
610  1686
1768  1977
1917  878
1065  589
1541  1113
890  1625
459  1622
1915  1315
1841  1606
363  1302
1399  1880
1020  747
554  1614
1037  1413
148  1002
20  1332
540  469
290  1138
642  723
1932  1524
939  1478
1450  1052
6  1802
61  769
175  1041
1364  663
316  1289
746  1006
545  1840
1377  758
721  707
408  896
212  1165
1344  1188
1402  935
23  99
458  572
1411  121
1996  1917
1662  818
737  1150
332  851
1116  1889
200  420
1233  940
1342  165
1394  1071
751  504
1530  520
1903  598
1430  1776
1549  566
1221  160
1118  1490
1879  483
228  613
1999  1260
1591  1326
1648  1159
956  1591
658  1984
17  993
278  27
1695  723
306  1611
910  151
1897  803
321  710
818  683
208  1485
1278  1564
1708  79
1744  1155
1542  435
464  1297
1449  1480
223  215
13  1416
1105  1943
1107  1943
154  1100
551  1555
1029  1195
1633  91
223  577
442  690
521  1152
1943  1618
1795  1599
576  1859
91  1016
1980  785
554  1712
1252  1835
1966  1347
778  134
508  243
1966  1630
1097  811
162  1087
1523  384
1618  1068
166  612
1186  517
1745  127
1389  1998
121  1163
118  428
1325  1972
304  241
698  1486
693  1598
1040  345
1311  1523
1021  1008
1945  983
1487  123
1658  163
1519  1994
723  1500
332  1071
215  1717
668  561
260  713
1156  157
1589  1991
144  1142
112  1017
98  1849
680  952
1834  144
433  1536
1739  738
447  749
1608  318
1015  640
46  966
1385  1878
1308  1957
1759  917
35  1961
881  1870
76  1415
857  1212
469  432
384  1262
135  887
781  733
1744  913
791  715
913  1807
1441  1782
372  613
1837  208
1346  114
1861  1812
1251  878
842  6
242  760
1348  243
682  1859
469  1744
1675  251
187  655
673  873
1500  1250
1031  614
329  837
593  1179
427  1829
1789  689
1379  1098
113  1209
1954  1178
1414  1137
372  166
1536  1620
1039  121
913  258
217  1941
149  1724
1658  966
881  418
143  1949
91  1658
1208  1619
868  208
1279  182
1693  459
1190  687
188  583
795  1020
805  823
1872  965
414  1647
1075  1645
1658  90
126  809
1859  354
430  899
1836  800
1075  641
1461  1670
465  1178
1592  826
1181  686
1182  117
1726  264
1076  1405
749  745
927  366
754  1039
227  791
344  915
902  1248
1272  463
711  287
1415  1189
1890  356
587  1726
1552  619
1098  553
500  1452
1037  438
458  639
881  113
1812  551
1394  1040
455  565
960  648
1605  1782
1448  348
1396  715
870  1448
623  757
729  389
961  985
832  1338
689  671
1741  974
91  911
914  394
1604  828
343  1784
1270  886
520  1985
1139  656
1197  1285
1540  1844
13  1579
0  523
901  1970
1199  1480
1400  436
752  1973
1597  141
1838  1878
1316  1833
1419  935
1215  169
850  1845
1707  890
1016  935
872  1225
325  1750
1510  1040
1635  1315
463  1023
248  291
1  1268
1840  138
1101  1187
826  669
1400  1143
1877  602
870  1403
1601  1830
1385  1773
1162  1803
447  1315
297  924
978  1863
1132  917
1521  1968
1743  167
866  1586
594  823
645  1378
354  703
370  80
518  337
1851  1736
976  615
631  801
1118  171
359  1999
657  1262
381  330
1381  125
1610  1181
55  113
623  976
1403  772
1249  340
1385  702
265  1334
1303  1450
1718  603
139  1697
1472  1729
1254  1376
19  1112
1220  692
1671  1781
1253  1884
1420  1608
1064  1741
1259  903
1214  1349
1939  994
1819  245
1950  472
472  1009
48  835
613  1881
1893  1314
355  1675
1179  1797
1738  353
1808  83
1817  1191
1465  409
1030  1929
1942  708
234  1698
1809  1144
455  1721
1527  772
118  1329
592  1431
31  1118
1397  780
689  346
663  1323
839  764
1519  518
1522  1191
1390  1705
1931  1716
666  1283
900  1796
704  872
1392  1490
829  749
1449  189
420  5
1308  754
852  1805
573  945
1673  71
1835  1786
580  1761
587  346
1357  835
1026  1002
349  1224
1693  497
928  1594
58  227
1494  536
1159  1767
869  694
1525  1122
1658  1586
586  1809
1514  196
1998  1840
1065  208
799  1862
366  1367
748  105
462  1665
1949  479
1452  929
1727  405
771  1983
538  730
630  258
1626  41
921  897
1563  760
168  1939
370  1387
1493  1390
529  1194
1713  1481
845  802
52  496
1851  1807
325  537
200  275
1508  119
527  1983
885  961
1937  1556
579  1706
1204  725
909  487
487  424
718  505
1387  1698
408  675
1220  1673
582  715
380  504
1854  1706
1118  351
1373  1908
305  1942
740  1404
1583  1462
1010  1317
247  1726
1409  1979
109  1015
169  936
618  324
108  1032
1755  666
538  1797
513  550
1048  1995
893  823
350  996
340  1712
288  1199
1384  1677
739  693
1808  1074
543  1785
57  620
880  466
338  1401
486  1267
514  1474
64  13
1150  1765
205  499
7  1007
1715  772
1444  14
1493  320
1355  1926
49  251
1912  1459
1552  197
22  93
918  934
1986  1776
125  1237
1624  1609
1065  974
55  307
1197  370
865  1686
1441  1111
361  1015
1596  436
1705  1786
1018  1787
472  928
1397  469
1489  1997
663  510
1213  186
1140  851
577  177
779  339
1196  991
44  559
718  1064
1919  1113
1772  836
129  651
836  898
606  487
1057  795
1568  1480
994  832
18  605
41  888
512  1248
1501  1307
1328  1065
1470  1592
1553  1618
1230  1673
880  1382
1104  527
27  1230
1030  1057
538  1738
1455  1379
1466  1287
101  1821
383  460
481  1982
970  1280
1481  231
1164  1189
834  978
1565  1290
685  763
1006  1436
1852  52
72  155
1302  162
1703  1204
128  1809
1264  1112
195  611
1479  857
109  1582
1517  1289
484  301
1353  925
1886  1104
904  412
1544  1533
1960  1871
1254  1866
1912  368
1097  1197
275  1213
1101  1805
1804  362
473  871
1597  712
531  663
783  1832
495  713
1913  1958
1348  693
1124  863
1013  1722
1149  321
1735  568
1862  1108
404  991
525  989
1009  832
562  1430
101  1608
1330  1871
1256  1183
1851  390
1932  1794
354  932
1313  1414
1776  1330
1387  378
1463  1917
1014  357
929  7
948  290
621  1481
1698  1962
1897  1233
886  598
888  216
395  1125
394  889
1143  188
1714  1931
971  1295
801  1041
1722  473
1935  1057
1009  1337
1321  664
1539  347
686  280
1145  1555
1746  370
18  958
702  1886
452  651
309  1740
525  1103
704  178
892  33
311  908
312  1386
47  902
121  1656
1004  832
1182  773
1540  1913
1869  1621
1186  179
1297  1672
1183  948
788  859
920  15
466  306
1520  1536
1870  114
1106  356
1553  1322
1714  120
187  889
1892  1546
1164  399
1184  1817
136  776
1470  676
706  486
317  1889
515  1253
1691  1169
641  299
1176  1265
400  1124
1173  1488
148  662
1602  266
1888  1199
470  734
1163  1977
851  1784
924  1779
380  89
2  1193
1744  1244
452  1245
601  1370
193  1783
1722  837
1384  1497
868  609
1081  1644
666  1702
547  731
986  576
197  1959
1970  207
1371  1658
77  1883
597  114
571  1946
331  383
613  209
1985  621
38  659
708  599
381  1071
166  1122
784  630
1054  162
1380  1842
1053  882
570  957
1056  33
1185  1022
167  1333
113  373
578  995
544  1287
840  1901
515  487
815  867
1402  911
1716  1002
225  1796
516  1363
1181  1612
1844  1069
598  693
1890  967
595  1298
1065  487
1116  928
412  958
325  1468
1325  296
1670  1192
1279  1059
1313  495
1352  1880
697  196
867  1681
1852  423
282  1243
1765  259
665  319
1070  786
1121  814
309  846
639  1907
1532  803
1517  48
1131  223
64  835
479  1951
1137  1734
1027  726
124  1244
784  597
1274  1736
416  1923
612  107
443  131
927  1925
1796  677
1995  786
103  763
1062  1936
1388  1117
817  973
1043  1380
760  1272
432  872
1972  246
52  868
979  1314
1468  312
927  493
1595  607
824  1925
848  154
1891  1284
734  1511
1290  571
136  1271
224  1342
1770  1999
1366  458
1133  1394
534  323
700  1797
424  1169
1380  1455
1766  1581
1779  406
571  0
1551  1985
1621  1770
1188  172
206  1279
1577  893
1860  1428
1152  1327
1806  734
1300  676
26  573
1123  576
644  630
660  1583
1741  941
1584  891
597  218
259  294
508  1122
72  315
205  338
190  1664
1122  1322
1264  1296
1280  1911
1569  1257
1858  850
561  74
1759  1750
1054  730
1700  1254
1449  1125
1945  460
1243  524
84  1129
743  1979
515  1290
1625  1833
1123  728
1008  1514
538  1880
1133  1594
1883  675
1678  688
1609  1547
1494  90
1264  1249
1939  526
862  1857
1353  1795
1141  1077
1267  282
671  1217
1503  1451
362  1991
1464  352
678  1021
813  1247
109  1562
775  1247
181  819
27  1084
336  1579
422  1752
945  679
285  55
3  1513
150  992
1487  605
397  1907
84  1557
1056  1813
228  1152
244  404
1278  1738
928  826
1050  452
1476  149
612  2000
163  957
828  583
1874  94
1394  1308
1699  1521
1027  767
1377  659
196  589
1540  1102
1175  1199
502  1460
920  1723
856  1325
1457  541
163  639
948  422
612  599
1050  51
370  437
168  102
1767  1323
1087  493
326  696
1605  142
1063  656
296  1467
1996  1219
1580  51
1524  164
988  1220
355  19
1337  1613
280  29
1448  1462
237  711
1947  1911
1755  1261
1157  409
47  718
1356  554
1470  1453
701  252
1538  1937
1496  1460
396  94
1385  983
534  763
1193  556
1136  278
1141  646
1593  1957
927  1513
1559  218
602  845
1637  318
1102  247
908  1267
1720  715
246  1668
662  1706
396  1769
611  1388
1204  582
1115  125
1037  961
1889  881
429  767
413  994
1069  315
679  1928
708  1227
1060  499
1361  1552
1028  491
1114  442
698  865
1859  171
1521  1062
1358  89
244  240
979  446
528  1740
1413  548
1761  1635
808  1167
1  1621
371  674
1593  1645
376  1788
1239  1099
1880  618
83  1800
1108  1616
1481  459
856  781
1142  451
636  161
142  660
1791  883
916  631
239  846
1939  1111
1257  1801
1460  1161
1821  969
214  1057
1786  1661
1942  965
1069  1897
999  70
1042  1053
214  1072
1148  1418
1756  626
1614  73
1377  650
1552  1150
732  911
10  1456
15  1619
1917  110
1432  1509
679  1657
792  853
1267  1703
110  91
1587  1205
423  1277
415  95
444  736
1767  691
245  770
476  1156
517  420
1418  723
453  913
40  862
1225  781
1068  1900
1220  1757
1761  986
1563  470
175  74
1402  156
475  1285
465  1249
492  559
69  245
1220  1292
719  1561
1053  1045
16  1685
929  1003
117  1785
1853  608
1229  1033
1504  1107
1656  716
582  582
1215  1044
269  289
672  1047
1709  1898
1062  1985
1622  1413
1806  1629
1176  833
1389  1048
1080  191
550  739
1201  672
584  1790
1658  947
1623  1801
349  1758
762  1799
1251  381
218  1684
1908  1627
1873  1549
143  1405
459  84
1921  803
1507  1704
1036  1942
1247  488
13  1412
818  2
74  1040
1867  1951
326  97
1546  694
1413  1638
1172  1371
45  515
1205  1846
1445  162
1669  515
1551  1272
1691  902
244  990
1745  1586
965  1926
1327  1752
257  1078
719  1014
1666  563
570  758
1357  1133
1931  6
848  510
57  1530
56  1508
1803  696
1107  1817
714  716
837  1558
331  1606
991  492
319  970
870  90
736  602
1655  1381
704  285
504  416
1015  589
896  1502
1683  1290
1090  1594
1219  875
91  1907
862  1457
611  1218
1508  1007
551  852
1661  1459
1089  798
741  1970
490  1307
615  198
1099  756
1549  796
1732  1127
134  1022
1506  798
1630  1134
1311  665
11  1406
1383  1263
1083  360
1849  476
448  624
876  1711
1046  962
296  944
1017  1547
62  1831
1678  1654
171  1483
1750  586
1072  387
1981  167
788  26
1990  544
1511  113
1233  189
369  1347
197  1063
1374  997
259  686
1145  1637
190  1066
1114  1823
1409  796
7  1150
700  578
768  169
1543  956
1380  1738
1768  725
617  144
33  794
1673  924
1006  1960
950  23
447  1428
911  450
1665  353
1298  1884
1564  21
99  194
813  1502
1246  1859
1659  1011
1048  488
341  1066
1706  1726
1466  120
1763  1034
1134  1209
616  1082
1232  1417
1691  406
39  1697
1633  795
550  83
1533  197
1349  827
1319  1193
1993  515
476  762
1483  60
479  604
409  526
388  665
361  1498
452  81
1365  734
1938  1659
355  603
810  1351
1082  1589
1293  1757
1945  1652
1888  1317
19  1595
1985  320
1041  1482
963  1058
1838  1009
1552  1240
310  466
1736  443
1475  1451
718  1256
1945  284
490  1394
235  634
452  1680
644  221
939  1606
143  275
1416  1120
1783  1086
161  1081
708  1798
76  1314
316  576
1162  1985
802  1421
772  1424
308  1315
1096  689
1605  768
943  984
1653  1562
1503  1410
242  703
1596  883
133  189
341  50
1985  126
52  809
1210  79
489  1488
642  1487
1317  1614
1814  1882
367  771
961  420
1912  1617
1811  388
175  1126
67  1064
461  1278
499  1506
202  1046
507  530
1462  1862
446  1943
210  222
3  1383
589  1401
1371  1219
765  1122
613  478
1451  201
705  1440
1974  1456
1722  689
452  35
54  277
284  1617
1889  753
333  1568
777  770
1010  1423
1105  1099
121  1195
796  1490
1895  732
1952  1726
688  930
1151  751
1000  1051
304  1054
1340  1132
690  301
777  265
265  1412
1687  1373
1921  721
474  79
397  1782
412  1957
407  137
702  1530
942  969
248  318
148  932
44  1967
628  1899
38  667
1977  1121
1973  1546
464  6
709  1695
1527  1178
1294  1795
1462  1871
155  1595
847  1683
1973  33
1613  571
630  771
1399  1345
1641  1757
209  1864
1958  1939
1856  919
732  671
346  1636
355  1753
1709  1294
404  1460
699  1067
1241  68
392  1643
1855  593
1723  226
377  1761
123  1139
1528  404
163  327
1050  681
1015  83
799  43
396  1368
1363  956
1373  1639
1398  1348
1571  243
1806  366
1995  1241
905  1261
1076  983
1704  116
1053  1724
1792  1049
967  1340
1732  1938
1853  238
472  1181
678  1963
700  1978
1819  891
403  1716
274  1447
720  1959
1517  1885
1498  1964
784  1581
1118  1676
546  1210
1090  1769
377  930
811  730
1163  1729
802  1405
1858  289
1678  858
1531  348
1803  254
821  1256
1935  1563
701  35
761  1213
760  749
1511  1733
1653  649
705  1192
509  1710
516  1403
78  833
239  1291
1390  876
937  1149
1050  1496
576  32
2  609
1733  1651
287  1561
1726  1708
1608  840
1044  1906
783  418
1972  1535
630  1436
1855  1267
235  911
724  229
870  318
168  1672
747  1700
1069  586
1378  30
1336  1633
668  107
1891  1450
828  953
804  478
1976  1551
282  1009
1174  92
98  1445
1663  888
1626  1633
862  1185
1752  1017
1270  1895
1577  1182
400  1032
121  695
478  1890
841  457
1392  1245
1632  1018
1657  1507
1471  1984
1153  911
1704  705
294  1908
1774  1794
1069  1672
755  1532
649  1375
1172  284
1764  390
668  483
1380  995
469  1400
846  838
275  1469
1168  838
664  433
1607  441
56  1062
1063  348
343  336
150  1582
1674  1758
1813  1232
914  255
716  958
1924  523
65  472
38  555
235  113
139  1240
617  740
1066  1083
102  213
723  78
1966  1711
1836  1350
1285  1429
898  1787
1129  792
1992  1860
1551  1042
1200  1743
533  966
982  1306
421  703
317  1783
1752  545
479  1462
1379  1316
905  1628
787  1577
391  1528
8  411
1711  1083
1443  857
1064  1002
1343  1125
648  1215
1600  1595
189  881
1437  1831
1463  758
1761  1726
1293  1547
460  309
29  498
1523  1266
47  1614
1598  512
860  1324
1749  1488
522  537
1727  545
1739  434
1415  32
931  88
1714  1573
1623  1036
1569  137
1935  302
163  941
1  1236
115  233
1662  1123
570  285
842  1579
1641  221
1283  1368
1007  179
1715  172
575  193
227  51
296  1030
1483  794
1360  593
1806  47
468  687
1592  150
1140  941
1718  127
343  841
1445  975
153  1479
945  1038
728  277
1136  912
1072  771
1804  1619
1513  638
1357  1569
397  1723
919  1040
1321  121
700  1908
327  1449
1987  54
1759  595
1730  808
711  809
259  1703
401  1426
1330  1199
1372  1640
1185  128
1471  973
1577  413
1809  262
1827  552
9  854
748  324
809  177
726  228
1051  1863
1658  1179
162  306
344  75
576  480
334  1073
85  1789
1292  1128
1987  1415
568  612
1440  931
1737  1704
1600  1204
137  1323
786  1563
484  1568
1043  259
1112  1938
880  1157
297  1257
1368  867
431  1120
1740  1706
1990  1375
846  245
1619  1838
183  1236
1056  100
252  1250
999  824
59  739
587  652
1552  1649
1305  896
683  1855
1051  1005
1867  1736
565  1819
57  787
1223  1345
986  243
1522  204
1378  1489
1699  1609
336  414
1663  1483
156  746
1354  1577
583  1732
1999  1461
895  30
1397  1813
1643  413
1598  856
1399  559
1837  1587
733  1047
610  1891
967  1094
1502  884
1476  1434
1906  1122
595  144
1466  1255
1970  1914
75  310
488  74
1023  789
200  1529
1078  30
713  1435
1979  544
525  1168
1743  97
1673  1278
1812  80
314  61
1240  153
460  194
205  922
1211  223
165  154
1475  434
1012  1676
1753  801
63  1464
934  1417
1085  1261
131  696
1537  475
473  453
484  1602
763  529
923  1877
992  1821
113  1822
288  695
1320  405
866  563
804  1061
678  1554
1373  1815
1959  531
1265  674
1197  456
184  1627
766  931
559  1040
1781  81
474  1738
128  109
1508  1307
297  1813
486  311
1829  757
919  265
301  1838
70  78
993  1472
464  1196
522  385
1964  1245
1495  433
340  335
1014  128
109  987
345  110
208  1827
795  1662
361  695
246  692
959  1797
1263  315
1267  607
626  347
797  1912
888  482
1980  175
1264  881
1032  173
711  1459
523  1057
208  1947
1634  1502
1677  1492
1904  1041
271  1814
1947  172
1853  1500
438  12
837  1464
351  1794
1371  1203
973  1725
19  242
133  255
256  216
1485  609
1445  950
1586  141
1410  421
1354  1656
1696  192
510  1218
516  1149
1164  1872
753  804
1257  363
1477  158
1426  312
1762  1399
106  629
933  367
841  1264
739  1298
171  1161
1643  2
786  583
1587  427
830  793
1130  910
404  251
406  158
774  176
1608  932
1701  743
1830  1414
1856  1920
645  203
622  977
117  259
1594  156
854  908
524  1919
0  1013
1232  1307
1834  519
1451  741
806  1246
1310  439
451  932
1246  1360
1086  1183
868  543
1983  1997
1789  1311
1419  20
270  1176
231  976
1580  1897
287  409
849  444
1343  388
225  828
505  325
1279  1950
436  206
1470  1906
815  1976
482  450
1573  493
221  26
1018  364
1438  28
132  1167
212  325
1318  824
699  1456
1504  1552
927  1204
1408  514
30  798
1961  1180
1895  1238
1582  1043
1312  1647
1345  1360
1586  748
1543  396
1424  924
914  1308
283  733
499  1377
514  880
655  350
1546  1259
1590  824
933  996
1009  1095
537  1560
1757  1007
570  993
935  152
464  342
1889  345
655  373
1880  1059
1858  1646
399  1997
1151  297
1592  1794
1200  756
29  1015
1005  459
1802  867
1107  662
1516  1854
616  1613
1921  1433
1259  351
1893  1856
221  79
917  1709
1341  160
519  572
1407  1862
758  345
1815  998
1309  1248
1568  1128
294  884
449  1077
337  1044
1621  1211
803  490
539  305
704  1259
317  1407
1039  1238
109  618
1494  566
1771  599
1365  133
351  1096
1007  53
19  1479
1650  1472
1255  1453
930  1022
1884  1059
1125  614
339  1738
1338  933
199  108
1381  569
349  924
598  1221
406  1465
96  870
675  465
281  1567
1749  1027
1074  311
526  1482
1031  698
1010  985
1613  1744
642  303
1061  540
911  1733
1473  352
1742  206
1551  1240
1738  1178
107  982
1424  1172
1546  21
911  1671
48  1631
1642  1284
1169  624
1362  858
61  1919
94  134
266  573
810  1500
325  1906
1440  1203
359  905
1961  30
1976  1313
1191  1624
1651  1506
989  1196
1684  945
1307  1020
477  1618
1616  1075
257  290
687  1003
1875  383
903  247
1796  1428
691  1386
743  987
1465  183
41  306
832  146
551  625
1036  1689
1289  1199
1994  616
1429  1363
1662  966
1107  1352
992  1717
1404  740
1714  1697
1841  1560
1905  1426
206  1829
1077  280
65  937
940  585
1250  1529
1379  591
1570  698
697  1597
1196  1617
1758  29
183  680
1510  1886
1395  705
328  881
1745  610
1677  1570
1454  753
254  676
8  843
938  112
408  1265
926  824
648  439
1525  1409
53  62
1558  1512
258  190
1827  1708
562  1694
545  1591
1271  1522
1104  686
1944  476
1968  1749
1338  1748
1951  600
1834  1215
732  710
1952  109
341  1867
373  1600
554  748
548  573
1015  1690
1897  1094
1175  137
1917  688
703  1382
1571  1322
1261  1657
1306  335
772  111
138  624
1092  483
1167  1548
1517  1514
1025  1094
1021  1822
1967  809
198  1871
592  1348
450  357
631  1351
1566  131
1629  1891
1018  1597
1478  1893
1955  1809
1421  326
535  1822
136  822
535  1335
1709  484
1452  375
264  1334
1082  472
1386  173
657  1742
1114  1776
1341  1269
563  1010
255  143
1378  53
799  149
1117  544
1764  1448
648  1084
1905  218
634  49
1052  13
330  1565
1900  223
549  1828
1722  1815
955  202
1053  853
389  1750
558  636
659  1562
1305  1869
212  1019
209  1303
481  111
421  1287
1727  814
391  1822
1403  754
429  386
1283  126
38  469
1424  1302
481  1855
572  1865
1293  1344
1257  1149
1011  121
916  539
1445  82
1847  318
1989  86
978  108
1469  547
1929  1351
481  311
387  352
340  907
557  1269
407  1257
1446  1668
1057  1224
382  1947
664  4
846  423
861  1539
110  1869
280  824
269  762
1440  316
365  1501
686  1005
1968  1628
1523  978
618  812
1552  933
1663  856
1500  466
1356  179
1001  1341
338  769
469  1119
1150  492
1325  1854
1382  441
535  8
338  1585
754  1961
1670  516
236  1314
1076  1652
1484  471
618  1098
1112  722
983  1868
1588  1647
1603  1815
773  1174
1272  1926
730  1138
1439  968
1421  1630
682  311
596  27
9  1304
669  1381
96  304
645  1630
1955  1884
1275  842
192  458
1614  329
1218  1829
1864  1857
374  1054
1609  1292
43  568
1799  1595
547  718
1289  1466
1773  489
1117  85
1202  759
1822  630
1011  673
592  1727
452  1697
1304  833
1392  1120
1851  848
39  1091
972  496
1186  823
1378  1648
508  1208
744  280
1086  526
407  1434
676  265
1117  436
613  1571
1881  924
1100  1424
1158  1961
889  391
476  1455
1667  1659
1059  356
885  1313
1265  974
1016  1674
1039  1035
863  1089
1477  890
436  642
330  1756
1333  1435
501  862
906  942
502  1294
156  868
1576  100
614  815
796  1250
709  1048
1597  767
1174  1716
649  551
697  1145
716  1735
1502  868
319  38
43  1527
1685  1087
1983  1080
1544  638
1465  1501
917  1882
1882  1558
341  1404
65  351
985  1606
1297  1636
1805  1905
761  91
1642  16
1214  1539
1617  802
546  1414
1987  733
1208  583
764  719
1978  1275
641  1061
1908  1329
1241  1278
291  1602
654  1163
740  1237
951  887
1258  1144
719  1575
1231  1069
1522  1322
1350  1009
1160  895
1825  907
1553  206
618  119
716  934
39  694
1155  1179
1109  1994
819  542
573  1821
1135  834
1335  1988
1134  2
1239  607
969  541
1403  527
1462  1620
1980  899
1928  486
1066  1107
1526  1283
722  1728
1852  1961
1017  1629
90  1252
677  769
1638  1110
245  376
1544  1464
447  428
1939  1225
20  432
831  1111
221  658
1931  1082
825  571
639  199
1859  1026
1545  20
1573  58
1672  190
1328  1199
1128  1
487  1924
310  778
63  743
1988  61
673  225
1751  62
820  289
482  680
1291  304
824  334
631  1265
570  1381
819  444
925  1137
1796  859
1024  1574
602  1862
1  181
1705  1591
1535  1379
366  587
151  1375
873  848
1720  394
1352  672
1591  996
1607  1237
336  561
93  1178
1193  1214
1809  190
1595  1690
739  319
11  1220
949  1366
1627  1201
1220  310
1099  1466
1096  922
822  1170
270  1777
1408  1367
1864  500
1394  786
361  1182
1853  1337
1732  1050
493  161
1119  1014
1288  179
1837  1411
1580  1453
1946  720
374  1219
1229  1010
1529  1616
398  1540
1641  1443
1685  547
1418  1485
858  1813
966  851
228  1980
1887  684
259  1608
1295  36
1021  638
314  123
899  942
555  1383
1578  1870
1183  288
1273  1775
534  1020
1043  524
815  926
1456  1164
1745  949
624  850
806  1356
842  879
1730  249
795  408
589  936
58  1327
1189  1492
460  408
646  196
1041  616
1230  1488
1201  76
899  1677
1807  1648
1429  51
634  1748
46  445
1833  88
1632  108
1227  1257
818  1009
1360  1911
982  41
962  659
288  823
1526  119
450  905
622  385
64  72
1123  1567
789  98
24  49
218  11
644  1422
1469  251
811  1247
259  351
378  905
1432  1879
1242  783
1585  550
1833  76
1737  75
64  1887
246  1482
352  261
1265  1381
283  581
1066  1774
277  885
135  219
69  808
963  64
1148  571
392  1626
1270  457
1534  1673
463  1313
307  474
707  981
1051  1184
785  1103
250  1578
345  1312
1939  417
1005  1033
1723  375
385  728
1089  1564
1929  1544
1384  484
1190  1590
57  1495
415  937
1748  1608
387  303
46  631
266  887
1826  1810
640  325
952  643
98  353
855  1569
1543  1947
89  453
1876  1445
1075  192
5  326
1502  1068
1010  945
1630  733
696  818
1266  1988
543  1582
1085  241
816  163
528  56
1003  1321
1479  49
250  1686
394  360
917  1622
42  458
1126  1907
258  922
230  235
1796  1238
60  989
1696  1104
1733  816
1754  1528
633  1120
1928  1085
687  1468
1505  992
979  1903
687  662
964  110
1424  207
1414  633
526  1331
1930  1178
536  663
365  1086
221  1217
1185  1787
1597  390
1970  198
1780  74
101  47
777  1755
1816  1310
1261  452
335  955
304  1367
720  161
20  622
1135  896
238  374
982  954
1229  1148
263  1311
1040  35
1186  909
263  1974
957  859
423  462
1142  1248
1767  982
1428  1776
800  1272
255  70
960  1061
1372  216
536  656
835  1492
1282  1080
1559  498
1407  1946
779  1391
411  1102
1140  182
768  1826
630  858
1959  397
32  45
1718  741
1712  1130
1325  658
469  1433
1345  1328
461  1763
365  125
935  1323
1786  1328
1616  607
348  651
1441  1042
1151  662
1681  1352
943  1068
359  1691
1066  1654
137  614
594  1397
1772  725
1351  277
808  1388
1719  187
1204  922
870  1005
1705  1685
1075  1475
1300  1834
294  1143
1542  1498
1402  361
301  1762
125  1181
349  1046
162  1338
1274  62
1818  1339
177  631
1567  1172
1804  1178
1084  107
1766  969
579  530
0  901
1353  239
1836  636
1705  627
459  395
1230  903
42  558
1714  329
40  1688
1996  1406
777  1890
806  1462
174  733
1577  1854
376  1753
845  321
1396  454
523  68
793  1909
405  607
871  586
281  200
66  296
1062  882
976  732
1213  188
508  672
791  1294
325  376
1158  667
447  657
1123  657
1264  259
1441  1593
701  1916
697  812
1823  1122
407  52
769  3
1643  265
1681  1063
1608  945
1261  985
1294  738
854  1425
510  1743
346  1084
1339  1629
1489  1861
1970  1238
706  172
242  72
45  1571
50  1703
1564  944
151  1506
1691  84
977  1748
293  605
1368  1487
1610  666
1273  1165
1939  908
1069  739
1316  254
546  1327
1145  399
773  945
1312  1023
1243  1066
1150  1157
629  1610
793  1185
847  228
638  323
601  1870
1998  1184
1098  1320
498  737
1946  1040
1354  1226
1053  716
913  590
712  1211
1823  1478
1068  270
225  1857
497  827
1567  323
187  555
1936  52
1995  1767
459  1892
1166  1106
1591  747
1790  173
494  1128
478  1839
1903  990
948  585
1130  109
550  1509
668  1004
1920  559
727  507
1979  973
653  206
408  1741
1645  1871
1794  1165
908  1778
1039  1102
1569  285
747  134
1969  1055
1214  483
1422  1090
486  570
1243  1167
1986  1936
388  1893
1968  1707
1249  402
1937  93
1070  1314
1017  978
1158  669
510  9
434  178
853  268
408  134
1110  1729
153  539
972  825
796  484
427  1177
1652  1444
311  1395
110  781
578  14
1191  1218
1028  1040
1414  748
1532  1707
523  1305
1235  413
1116  72
1514  886
1377  1184
1480  1911
917  808
1351  1660
896  1204
1805  4
1315  912
443  1353
96  582
1622  1137
405  822
677  27
258  827
26  1763
636  1355
219  1412
599  1319
236  891
1878  794
857  795
99  241
65  1494
722  654
1763  993
1341  1344
1406  1869
596  453
1299  28
358  971
1559  1557
339  1394
1357  800
614  1528
1425  972
523  1710
1521  1375
1636  1858
1773  252
285  1664
1934  909
1062  514
1138  1270
1177  63
861  848
1665  1836
533  513
1580  301
1379  1753
774  1360
1024  1509
1759  918
205  1761
437  1450
1820  745
1858  472
1212  124
1210  1193
1402  1056
1387  328
327  1097
847  1232
996  186
99  1172
660  514
1118  1284
31  251
990  39
1574  444
741  170
104  1036
1250  1801
1163  287
198  598
141  1893
66  378
1531  646
507  1829
76  867
1279  909
1918  1071
1894  1029
654  1293
216  1553
788  1835
1876  757
768  1965
1683  1811
1227  553
1198  244
225  1859
1231  1689
1528  355
102  841
61  913
326  431
1695  438
1945  999
335  354
743  1782
407  1198
1190  927
1492  880
671  441
1918  1214
1249  158
1850  1673
196  1136
1211  1673
1475  1321
926  768
1101  1888
1666  705
881  649
1483  1746
1814  750
63  1343
1787  422
670  1345
1249  931
1922  859
1517  409
466  1314
1167  661
914  1173
96  671
752  1562
1413  1254
1439  1146
420  1290
206  624
1921  1138
1491  652
826  32
1977  1433
208  549
519  1227
1797  458
373  288
849  1273
1970  954
84  1455
1201  1257
477  1549
823  1999
1080  1259
11  883
530  1229
382  219
325  105
1603  1772
514  1468
262  232
1534  371
513  1691
223  1342
1708  1071
1008  1259
1058  577
1169  1904
949  352
1944  1418
205  636
1066  1693
412  397
1095  1367
1622  1027
1712  674
337  1326
1258  728
1462  292
178  1850
183  888
359  1827
432  1944
836  1906
14  1208
154  627
1538  1357
1280  1438
454  196
1939  894
1981  1816
1588  1331
1910  737
1788  774
833  1595
11  605
612  1713
372  1448
785  55
338  1412
1959  1201
1014  183
1724  456
229  908
989  147
1610  1722
1256  730
1426  1573
1752  1124
1883  976
709  305
718  1236
136  1776
1428  1952
601  367
1354  965
1369  767
242  918
1810  283
719  1669
967  1882
1209  1867
1375  59
1603  1386
1709  1497
1071  508
1456  1820
1498  1564
195  594
37  359
893  999
1188  1759
991  1024
331  203
1077  1046
1603  1532
407  1140
45  935
1372  1806
958  1662
261  1434
639  1242
1114  1388
1136  106
1932  135
1375  1179
586  759
1802  667
978  317
694  724
190  1505
890  1359
349  740
488  751
1158  421
23  770
661  1011
1945  1893
1888  1368
1929  211
1477  833
472  1903
992  11
396  67
1255  1526
1265  57
881  38
307  886
447  1395
1064  832
1298  835
1019  482
479  510
192  1070
1563  1210
1898  868
672  240
1298  35
1411  610
1564  181
555  1218
922  272
927  812
1244  273
761  498
128  1344
95  1924
1925  1079
1501  1707
322  1567
1898  701
864  251
146  1077
668  1029
1566  1712
1501  1180
1280  1848
613  771
650  1216
1413  299
1102  1508
1890  1135
1686  569
584  1843
1562  274
1426  137
797  919
401  1017
1525  1175
1384  142
1636  1306
340  941
1421  1190
1730  12
595  1487
1811  380
842  1104
1148  1111
1223  647
261  602
1248  1697
199  1582
1162  1567
1134  1911
1557  1920
595  1884
63  877
1303  1143
919  1646
1439  452
200  801
757  1184
1096  596
1122  1657
251  1985
1880  147
1799  277
198  126
119  1759
1842  1091
693  684
992  1229
1790  496
646  740
692  1042
1206  1276
300  772
1861  658
210  1475
330  1677
1454  368
1375  1963
670  901
1474  507
766  932
1614  1125
1561  187
1769  1152
888  1696
130  270
1530  1868
365  1161
124  1823
8  1302
1762  28
1498  1324
1627  159
860  855
1102  1101
1211  1415
116  1495
983  1767
76  1736
1387  1334
1060  1649
1419  707
1480  1994
144  1154
1447  46
347  1556
89  1369
1697  195
1088  1971
260  874
1375  1579
823  1465
78  511
1545  1816
1897  1954
881  290
1180  728
106  875
992  1752
79  148
543  880
645  728
501  1390
14  1644
1242  225
234  1294
1383  1458
1798  1767
1676  405
1761  1084
6  1648
1818  1868
1420  1175
547  684
796  1091
1439  1785
136  242
1010  208
1440  396
1301  1313
931  620
460  1660
1425  371
951  1126
564  824
1214  1901
1594  1007
146  1857
973  566
851  239
713  739
1618  1734
326  1983
1316  165
1279  1207
388  1032
1919  1962
870  408
419  1305
1863  595
1936  106
1149  175
898  599
224  1101
66  1301
1607  1200
1088  1848
1268  719
983  1552
1132  1033
1742  866
608  417
474  1753
493  1463
1370  286
1869  925
649  1065
1533  182
518  316
1975  887
1088  217
1346  1772
1224  7
1804  554
769  282
1472  1798
123  1845
122  0
255  1393
1362  410
183  443
1192  654
578  955
1424  712
984  1802
1722  668
1249  1476
526  1385
144  1885
1126  1414
847  1372
1271  1429
720  929
1084  1706
1087  704
1275  1080
247  951
1399  1075
144  1798
197  1186
1403  1408
149  1390
1472  1900
1209  966
811  396
283  997
1485  538
380  1005
1195  212
32  481
906  1015
518  1904
1125  516
601  352
871  1766
1912  616
1370  470
1282  152
1560  1175
318  1328
1219  216
1749  1302
1271  1383
850  730
584  818
899  1698
1921  143
256  421
113  113
929  1341
233  1639
307  1644
144  1092
1074  182
167  1372
735  1255
957  1307
1837  156
39  791
1777  1034
1576  29
1741  669
204  318
545  96
995  1227
1874  1024
574  857
1130  235
136  1846
1090  1212
1873  1286
1896  327
1645  521
1179  1822
989  86
1305  438
783  527
106  1025
1620  530
669  535
301  1275
128  1000
790  1112
1950  1757
1898  256
1727  76
1066  1498
296  241
910  1247
936  1075
422  430
1159  493
1464  103
812  614
608  123
864  1832
1647  1548
417  618
1592  291
1948  976
1540  1397
1101  59
1414  975
187  1753
1066  626
1793  827
450  1185
85  531
1883  1387
399  1068
1579  325
1554  1887
1238  763
465  1207
705  151
302  396
1518  228
1404  1836
773  1912
1337  180
1051  1181
1410  1458
1830  1380
208  1339
1313  280
477  1645
1302  1754
1109  1165
1351  135
223  1629
1874  1425
1584  714
214  1053
19  1668
1975  481
919  1160
12  468
969  809
589  796
237  724
1544  926
633  819
396  1178
923  1709
466  1809
1122  247
462  1472
468  739
1556  1202
1835  1738
1666  1551
91  1564
1765  1938
1247  1350
1983  1808
141  1156
1658  797
1755  1122
785  1301
1290  1371
1001  338
1685  588
804  421
1647  1102
747  117
1800  1886
1410  1619
217  1387
854  52
609  667
582  712
1032  2000
1683  1733
1585  406
440  834
294  1678
1181  269
679  1632
202  1220
1919  594
1433  1346
474  141
858  913
1189  730
1128  352
319  1728
995  56
1612  1006
14  1017
196  756
430  476
620  1439
1061  1811
387  1793
647  369
326  221
1766  1565
1815  963
114  1453
1023  1310
1872  956
6  1017
199  629
332  170
1192  597
891  994
1554  653
675  275
38  1348
167  992
55  1743
106  876
1438  985
1934  628
1166  530
1615  1152
1195  206
670  1458
193  1456
279  877
1401  863
93  317
1392  471
579  280
259  689
1880  1480
469  1928
1761  1242
756  449
1471  578
1658  474
60  1456
1211  1058
1794  171
1870  1517
549  397
1731  1347
1069  860
255  1710
1267  1039
1579  811
1719  1866
130  1377
1680  404
821  1589
1746  1614
1152  484
355  1159
1819  1893
1507  1458
1351  484
450  623
1277  4
612  998
323  144
233  432
1727  85
1160  316
1229  1354
403  228
1525  941
270  1768
235  1197
252  1652
1971  12
749  1617
1116  875
1117  1887
1761  1098
504  196
566  510
1989  180
1057  1998
160  1004
1639  562
1555  53
487  1368
1103  1820
1805  1211
1024  126
417  518
370  303
914  1617
136  514
209  352
217  522
1929  1264
98  486
76  1975
677  1119
146  461
1953  1032
353  96
1691  1584
929  539
1996  972
1308  883
396  1442
514  1480
192  982
693  1071
791  689
213  1464
1657  823
1086  1534
1863  1106
634  1271
1071  1203
264  1394
1594  1549
1983  497
884  1021
1185  1425
367  231
1557  1750
622  589
1668  1346
1741  1847
801  240
497  1459
1460  1541
1593  1606
598  1954
1790  1114
843  1514
344  259
1399  1644
1211  433
1065  1638
951  1822
1559  174
1899  1781
687  766
1311  1165
214  245
1462  211
1496  969
1888  941
975  729
1603  1433
817  1087
1979  488
730  1701
1677  334
1096  523
487  1398
475  1499
1303  1012
692  161
1812  122
684  992
1382  857
883  561
1263  1011
844  315
1307  75
1815  514
1352  489
351  157
217  1045
1298  1273
1309  302
961  1954
1118  297
496  847
268  1835
340  130
716  1899
39  356
668  1286
283  1378
1907  236
1994  787
729  420
527  1679
1203  1292
1659  1896
1531  1532
1197  85
1265  465
1688  1157
1546  1412
1047  936
1145  420
1543  1253
1070  1115
437  1642
1523  871
1118  1734
1490  882
512  61
998  913
954  1697
1876  442
1296  1344
1738  1291
505  1161
991  844
892  519
1544  1710
225  1348
1955  1267
371  611
228  887
1006  1418
126  1281
74  1846
714  69
175  1708
270  1329
1830  911
333  118
1621  1335
876  1257
426  1917
394  1044
1507  928
1188  191
1391  601
589  1248
1272  1875
1551  155
832  202
1556  1346
992  21
106  713
730  1222
1859  1568
506  1242
1500  1820
1780  508
1440  1373
1569  1018
191  354
1081  1474
334  1430
308  108
1955  1491
36  1386
1361  917
1893  680
1861  444
553  367
140  719
1867  1798
1951  1343
1578  1702
1932  203
148  1344
777  687
854  438
104  1331
1054  436
303  889
461  986
553  1597
482  942
10  926
429  190
944  774
538  740
787  744
733  187
862  239
1839  1948
709  972
1689  1614
1862  860
836  1105
839  1477
494  1126
730  783
988  1459
1933  1127
1105  541
89  741
1608  795
538  576
1604  663
1962  405
968  1346
327  1293
1316  1682
147  1758
1844  738
59  1250
1360  1389
204  898
195  353
884  829
165  1576
1568  356
114  766
1691  1965
338  123
1239  212
1566  17
1936  1414
1783  93
161  780
345  662
1130  776
127  1217
478  401
296  269
1000  1618
1116  914
778  25
104  1357
272  1559
284  513
603  1419
1817  255
125  1086
401  1290
797  1403
1815  17
748  49
1613  1451
1280  1445
1949  1169
363  1246
484  1143
838  202
567  1542
564  1520
719  1258
1508  1422
481  62
610  429
1834  1614
1496  1244
54  580
1825  26
1503  263
1575  148
877  888
1782  1974
566  1594
1312  52
1055  1475
823  257
1148  797
384  1126
1903  1302
1334  1792
43  462
1092  44
235  1282
1747  1532
1849  286
1643  1243
1172  606
389  869
923  1310
1081  1903
118  453
1321  222
1262  411
57  1649
1173  997
1038  84
1787  911
1866  1598
1874  991
333  1322
964  1837
156  460
789  1856
143  805
1961  468
1313  1528
1839  332
1883  1295
610  1467
1311  1111
1812  53
1468  47
722  297
364  913
1424  1751
1738  674
380  456
1315  298
1523  38
1523  244
65  140
1593  1555
479  263
504  1277
1088  1005
1033  1333
1021  1029
1656  1793
886  213
1834  436
160  1788
202  1747
42  387
167  1585
1436  1432
1901  1423
1910  1620
1658  863
1802  44
1993  1589
915  1381
413  1940
1433  1523
1981  818
1110  1408
1647  146
1984  987
1488  1184
440  312
315  1340
389  1131
937  775
1903  1590
1460  530
773  1053
533  689
1543  304
1278  1289
1373  101
82  394
451  102
703  984
1702  193
1196  188
1911  20
264  1726
1157  1410
1751  1890
1297  164
662  1821
916  518
27  307
13  48
362  332
877  830
1769  350
1444  233
1057  727
505  797
1038  1348
849  420
230  1428
77  1809
1332  1900
356  1465
673  445
1712  646
1405  259
930  318
619  1943
895  1247
467  1088
282  1064
1634  629
1028  1624
1656  1827
1514  254
723  988
1634  539
1473  627
1376  1493
1792  1637
688  1499
1847  1804
1706  1725
709  1688
531  1119
326  334
1009  165
935  312
1454  569
234  1249
1753  429
212  16
170  1347
262  1648
17  662
1563  273
1862  1895
34  1993
1689  1084
1817  1404
879  1479
930  600
53  703
429  587
1500  904
1397  1615
129  500
1582  295
330  875
949  969
49  190
830  804
133  231
1905  259
1748  963
1704  421
1383  131
1942  1753
1446  1637
110  114
229  128
371  1950
956  787
1857  1069
553  1798
234  894
1945  853
389  1471
181  1549
1611  386
725  1552
617  1610
538  667
283  811
317  1421
1299  1438
521  436
993  734
880  724
195  915
1289  780
262  459
1991  442
453  870
1275  1451
1264  861
1738  1531
1969  822
210  1887
909  762
664  1757
1231  1099
1236  1313
1392  515
1114  852
815  1615
1851  157
30  439
468  1198
1549  1358
1749  161
1042  1120
778  851
1200  906
196  163
1454  1041
1900  370
633  1332
773  533
839  1744
1231  1819
1931  1317
1884  1825
131  196
45  1252
1597  1397
1159  1610
822  1136
1076  1668
1472  1822
217  1533
1745  1895
507  1452
1530  1363
1971  326
563  1930
287  462
1819  948
1025  1522
1433  1177
1298  1515
1140  1934
1849  396
362  166
639  580
1732  1546
1250  1424
1834  1894
1345  962
65  1119
179  61
1257  1779
1093  945
1704  336
510  1318
1567  1787
236  1107
1734  645
1128  754
788  170
193  732
307  632
886  1102
1117  1886
35  595
1020  1579
394  1065
663  1210
1019  1538
1631  1714
1760  1577
25  375
785  1483
552  680
1360  49
1968  501
414  790
359  998
608  1807
1789  121
1324  1393
234  1779
1109  1636
214  1538
1570  53
1531  1735
992  1937
1882  1816
377  398
921  1386
117  767
597  1253
310  1796
394  397
252  1114
859  1908
1  441
372  27
685  699
1913  1459
667  592
183  1075
724  49
1990  73
1932  963
525  575
1137  1339
961  169
1736  1091
303  788
145  1193
119  334
1698  680
1517  227
551  288
1748  1600
105  1310
1759  178
1257  743
1603  1673
957  1439
1132  1439
224  429
1539  910
966  1941
1021  531
229  1255
1797  861
1866  1109
1293  1941
94  1301
1027  1669
13  566
34  136
1382  185
447  973
1822  63
565  1669
79  160
200  1158
637  59
1746  158
1290  809
1245  286
1954  1327
1401  1808
1349  1811
826  1871
1206  1943
442  672
1795  1591
876  1475
1331  1426
1702  1865
1691  1005
1017  1509
746  456
1681  1453
1194  1870
541  85
1578  876
1296  801
1822  724
1303  445
461  407
1626  237
589  1910
1047  1690
142  208
1433  1218
1099  1516
15  1809
778  1688
1178  355
1071  488
111  1147
1072  1696
807  1462
544  1061
1219  1789
1513  1122
1113  1567
1424  516
1175  397
343  1991
89  183
1073  1283
405  389
158  53
292  307
206  814
914  1223
221  47
738  194
1858  1218
1017  1766
513  139
1411  599
532  1199
653  1865
447  1998
193  1366
1463  844
1282  1940
1795  67
1390  1151
85  1551
1444  1681
992  1151
999  1658
908  1207
1224  1557
1060  890
1345  1073
1291  1361
348  1968
447  1845
821  110
1290  240
56  43
1736  1623
1405  1600
1842  1725
1056  609
948  454
671  1970
828  758
992  1550
1022  1461
1595  1731
488  899
146  528
1393  916
182  1629
1509  638
858  1292
1522  862
738  1300
1555  1743
1422  1146
174  595
1798  465
1541  327
1170  1509
1433  21
1268  899
557  1086
1413  1761
1338  1724
642  452
87  29
219  968
1482  1431
759  621
912  106
1958  1075
1622  1681
455  1026
1402  1992
1430  1911
929  1057
1316  959
1523  1661
34  1851
107  1929
1810  1895
787  790
656  1588
1711  37
1761  1667
1948  456
132  1281
983  2
90  1778
1039  1198
130  1960
1326  1137
918  1332
770  1171
338  714
507  801
110  1427
671  63
931  309
742  752
36  409
1638  696
1384  1284
76  1772
1264  1086
735  1775
1439  922
1750  1379
1870  1950
1764  1671
1126  1622
122  1691
1633  1829
1187  1546
1424  1830
527  448
1952  1004
1969  160
1877  1931
177  105
1180  648
1710  557
1699  1803
1623  469
954  1047
1120  561
49  1667
1816  797
732  480
92  980
1719  1685
320  1017
1912  1854
1012  478
541  691
1002  904
596  1090
1366  831
552  85
1389  1677
608  694
832  1531
1505  1905
374  1972
1441  1821
1091  762
859  22
879  1534
1022  958
1868  370
443  1579
1409  20
797  695
1246  1564
1293  957
1556  54
1090  1198
1670  101
74  493
1241  1328
1061  1722
1639  1230
38  1081
81  994
1267  86
1283  1631
622  94
568  1529
546  1304
855  1849
769  1085
977  1105
498  1653
910  434
1960  794
1970  1355
1776  1992
1629  1269
817  1735
1962  1597
1325  1876
413  1604
178  104
1024  807
1088  1420
1701  600
1691  293
215  455
425  1849
230  1540
160  702
1807  50
255  1886
678  951
1869  1457
698  785
608  1314
1553  1135
1950  747
731  727
1333  1081
1175  430
678  809
1234  1825
1791  1797
397  79
1214  1371
1792  1102
932  1406
1347  1158
627  562
1377  1785
480  397
822  572
1776  1999
1294  221
1771  1833
1439  580
1418  398
1806  1667
127  1775
1149  1307
1630  1174
1000  800
1766  1371
1862  211
1246  414
1681  617
1418  1269
146  1
1363  1312
1406  1680
685  1866
561  1739
471  1360
1762  141
1255  47
129  392
2  1551
448  1650
1381  1487
579  467
1828  957
617  1438
170  606
689  775
1223  1867
170  846
1252  570
1137  321
1315  116
1745  1750
465  1658
1601  979
1958  453
1167  873
282  144
237  714
139  966
1951  747
585  826
1705  51
1693  1854
1451  281
1773  166
1164  455
1749  102
705  615
1053  900
1595  1114
275  1290
1798  1278
224  1749
403  614
1902  1787
1312  1872
354  953
698  1858
24  1749
761  418
1118  413
302  520
1775  792
1141  417
1558  831
1344  143
930  154
1387  1274
278  1283
1956  682
1871  1045
1435  730
475  1623
1312  1078
1894  460
800  1744
342  237
1435  595
1999  1604
1722  1641
242  164
959  1024
350  1677
970  478
1864  1546
1979  493
1647  704
1038  1054
1519  1424
1658  823
761  1372
801  1269
1868  23
18  1054
1298  450
1231  1860
1288  785
1563  1758
129  964
1106  1107
1361  246
638  1639
1053  1984
1338  633
1440  529
1707  491
1444  1338
1893  1149
1420  1776
932  126
1354  9
423  493
1531  493
78  1370
369  357
1110  213
1065  1243
1803  1572
789  964
382  1261
230  742
10  1983
683  1061
828  896
408  311
1579  1779
102  22
1889  627
1770  873
116  257
1692  1824
400  54
1255  576
709  146
872  1757
1529  800
912  694
1501  292
1299  290
1575  1413
118  1301
1793  1233
1498  1755
1495  1396
196  44
1605  928
281  174
391  1142
1116  1837
54  1100
1672  574
1126  179
949  48
1383  569
43  917
925  1930
1677  1895
29  1886
946  431
12  184
1911  1781
1026  1250
1626  1155
616  630
500  1594
1724  332
1003  37
844  1592
1930  219
1232  130
380  429
737  764
667  1665
1823  1087
1376  1047
574  77
1442  1848
809  1604
1801  1935
304  474
764  1669
139  710
1372  1320
951  603
1404  765
576  1329
718  1770
955  1000
1285  1006
261  687
1265  112
458  875
1893  1732
1259  724
373  436
273  1352
1319  1930
1876  295
1131  844
1838  1504
1071  960
235  624
69  1691
1246  1561
56  1380
107  902
158  1561
1730  1082
1396  481
671  1890
1530  1812
791  199
1512  887
1611  599
1036  1449
594  1005
1920  124
1042  205
770  1840
998  53
1097  206
870  1896
1507  896
275  163
1972  1038
586  1584
376  1161
1127  229
1293  995
1118  851
421  744
966  412
149  1993
1116  1533
917  1860
1384  1691
888  1540
190  315
1820  1167
432  1642
1560  1736
1625  1928
1603  1557
1364  1770
1689  1043
866  1878
335  664
465  530
117  1651
793  1917
975  724
1057  157
1166  1504
793  351
590  427
659  1699
1222  960
214  633
1163  1583
1385  582
1563  795
1969  695
1073  249
1848  583
1306  1152
421  303
1390  984
566  1696
844  1220
481  1053
175  416
1625  907
1041  605
898  75
14  49
1108  447
651  47
1624  1706
1829  152
1378  1486
941  520
178  1549
1763  941
378  520
1596  45
1323  527
1137  133
624  1419
1565  453
1082  1086
1874  352
1878  1552
1478  39
785  1672
583  355
650  453
1315  706
1303  1007
1395  1732
1161  911
287  901
1945  1585
60  1080
988  677
724  1073
1451  764
1799  1572
418  943
1429  732
1270  1287
440  1173
776  1147
216  1057
1060  1382
875  57
337  1355
546  1283
1081  1025
1071  402
1288  1740
1127  615
1756  1991
946  51
986  345
1724  1247
1572  1023
492  600
1290  325
447  1385
423  1149
652  1847
1140  788
1666  719
1534  1232
1492  1343
984  1281
558  1256
1690  1255
31  1841
935  1429
607  46
124  1390
1547  847
1267  526
1181  1974
456  1159
1573  314
1426  768
180  1816
32  1042
261  1769
1478  1034
331  390
715  1051
1489  956
809  123
1907  1949
676  673
1487  1946
1924  1774
1396  191
195  7
276  874
184  551
5  1347
1840  708
1404  1559
1214  1446
573  1417
990  1821
901  57
1966  1814
1080  1134
1627  394
655  1908
1216  771
1197  1680
277  412
1957  1956
1370  747
44  190
34  1622
321  1743
858  235
1146  1751
1330  1325
336  659
1808  1359
1643  796
855  857
1801  248
1997  1829
1726  730
124  1641
1301  1910
311  1853
657  1887
1916  1160
765  1422
959  1282
1007  1108
1867  1211
1171  1423
593  2
838  1386
1090  232
812  898
1717  400
751  670
1668  942
1802  905
608  1202
1089  1585
745  396
1209  1258
929  1265
1563  1748
963  861
1739  1266
1882  682
399  1523
516  1825
1459  555
45  1101
411  828
33  358
1793  995
433  1678
1887  1153
994  1835
901  177
1285  141
1576  1883
1497  975
1585  1507
812  493
694  1441
57  821
1752  729
1420  890
1778  1880
861  1577
1042  258
1444  241
1107  1009
346  1884
1440  1336
254  1933
663  1086
1503  741
966  1720
526  1702
1158  184
463  1738
1123  93
323  922
230  942
449  417
178  283
185  977
874  1140
222  1396
1075  1754
1947  818
1959  1602
1358  106
854  1640
963  603
486  996
1332  459
1011  1075
1912  1502
1070  77
1351  1031
1553  804
27  1424
1231  761
309  1320
352  1803
355  1455
1583  1277
310  225
166  1686
1587  588
842  1504
513  212
1081  1048
520  812
1333  1134
482  1646
657  27
1730  1171
1065  898
544  858
720  757
866  859
1453  1076
1993  1254
637  425
1013  1916
1599  1630
1380  1850
1342  1821
523  1844
1303  803
1575  1110
1321  458
49  1733
1259  1518
1993  1624
1741  1828
835  1026
977  1067
817  209
511  1497
1804  1330
1282  1846
1544  249
292  163
924  76
785  1675
1459  336
1611  27
1499  474
1340  1397
1989  112
781  219
1821  1269
827  1615
1873  730
708  520
380  1815
744  1689
1151  143
1461  1586
1254  524
1651  1037
20  1528
710  1297
297  74
1950  221
657  51
938  2000
906  1504
1370  1684
1893  1177
855  1824
696  712
1110  1497
230  1812
1335  1334
1447  1584
1697  330
1440  387
1456  1054
1902  1230
1574  1648
1916  977
1845  194
593  426
1789  1648
1208  299
1582  28
1998  79
1712  1942
964  702
570  145
407  1370
368  485
1558  586
307  1369
1736  1283
1540  525
272  1236
1274  597
176  1800
120  728
933  418
1234  274
493  1156
627  1536
934  552
1049  1702
1673  1432
825  940
1446  702
1913  291
1567  501
1367  775
832  480
1527  1346
1924  1545
1150  1281
791  240
1123  1580
1282  1270
1357  32
1729  1322
1312  1823
1396  912
1671  517
478  1657
618  619
412  1418
327  661
567  777
1049  469
1422  331
346  1450
906  1329
1913  1026
1727  588
1091  807
1728  593
1228  557
1517  211
531  845
137  1155
1832  1541
486  1589
954  1842
1935  486
1041  508
1341  973
1595  1199
1184  214
1730  1772
1528  1746
285  454
406  1093
334  155
660  1558
245  31
1828  557
1559  666
56  919
97  227
197  1632
1164  1861
1704  1560
171  694
785  1382
646  1339
1785  1127
1160  802
1835  25
1202  1833
1093  593
1264  1300
1307  1580
1809  1464
911  1872
680  946
470  947
189  513
1724  421
1011  486
352  1802
584  571
849  1378
1862  1802
1758  914
372  375
698  1665
140  479
1341  92
922  5
1752  642
1457  1620
1236  564
502  575
195  1336
74  506
946  861
886  146
1576  294
1318  451
492  1145
1948  284
179  884
1105  144
691  1684
887  696
1271  1314
1684  403
313  1387
218  1325
882  1432
1764  1302
1096  717
188  1277
107  1258
1973  1598
1064  1264
203  968
1234  565
1793  1647
826  791
1372  1377
453  455
1021  1661
13  906
160  1563
747  26
1400  1685
1743  1426
513  1994
341  1296
540  1303
862  1117
1235  1613
963  1631
875  1894
1439  817
173  1865
203  184
203  548
872  1765
1531  494
805  402
219  1658
672  35
1841  1090
940  1546
916  326
1064  206
886  327
828  1048
366  1272
606  775
1750  1034
1064  1076
1669  1044
1692  1922
1891  623
1231  296
1815  435
535  1426
626  27
594  1209
559  1598
300  2
1015  742
1529  444
661  75
796  806
615  1003
1129  1375
1404  1802
1128  1813
1402  1743
487  431
1357  1694
539  1359
540  1078
1663  254
1596  105
98  720
1788  1851
479  980
1623  1432
947  149
627  1792
1846  513
49  1240
758  1822
1493  721
449  750
336  436
876  508
594  1820
736  1636
777  276
696  277
173  651
1427  512
448  1052
788  1472
922  1935
1032  46
284  904
402  829
839  18
1144  763
1648  1959
816  320
259  1766
854  352
311  1722
185  279
1732  859
154  110
1203  514
689  916
1233  292
1830  847
457  920
931  717
722  1634
845  691
1934  391
1757  48
1794  589
1083  733
1756  1808
1953  846
1541  60
1325  1122
292  1888
1875  967
1051  1809
173  1667
614  1229
1722  542
68  144
1570  563
358  1139
1754  1331
1537  559
1891  1254
44  1835
346  1153
1447  1969
1891  1349
629  932
707  1857
393  948
1203  798
124  1272
172  247
1257  1759
1257  550
262  1449
1822  271
1843  755
111  898
1876  1809
1460  212
728  740
720  820
850  558
1315  1415
1563  257
809  748
254  157
763  1251
484  137
578  1549
1655  370
1726  1698
255  873
1302  957
315  1012
1765  763
1259  372
933  411
366  705
1325  44
72  126
1107  1480
1133  1240
1104  759
1844  499
1581  197
725  1840
1330  1986
143  540
1889  797
218  1583
1094  1108
1625  1016
1804  1674
726  1573
1386  1987
1018  948
1672  96
737  1614
986  78
737  679
1037  1375
838  1910
1778  574
524  688
1225  801
277  1810
380  625
136  1372
1934  1965
974  1916
468  1879
1226  960
249  550
678  353
956  1385
1813  1979
1686  1243
1787  1112
699  890
1636  1071
1293  1659
1749  281
1344  185
673  1149
27  1020
969  1646
1340  1745
558  484
570  130
365  943
831  1618
753  1632
828  442
1593  384
760  350
1891  1572
1371  1294
1550  1288
338  1387
548  438
1680  1245
1086  1844
349  165
553  702
1738  1984
723  65
1133  783
1338  636
1002  1163
559  1638
206  454
1102  895
1478  60
766  1732
1565  1740
48  984
727  1361
1609  237
384  796
636  896
654  1173
992  46
1632  1403
420  1213
567  1956
1634  1147
215  1154
1137  698
1898  1435
1491  1924
1181  1401
1355  30
1601  941
1773  679
1719  1446
661  603
1650  998
676  580
107  1590
1751  393
372  1419
756  543
1523  21
55  773
805  864
1537  1002
711  1868
1324  1956
1753  538
821  1280
226  1594
642  1806
661  1997
578  1240
581  52
1030  1847
492  603
416  1137
639  1616
1298  912
1536  1996
1108  1724
890  166
598  40
1970  1932
139  1899
523  1760
1151  1495
73  366
1531  664
671  504
1545  347
1987  597
662  634
1598  1421
859  77
336  219
1909  1797
1696  1502
80  603
623  105
1241  1023
1862  588
1571  1918
715  957
76  1868
1051  892
1527  1898
1936  1227
582  603
1367  749
77  452
1920  1265
1787  826
1555  1404
1957  1930
1306  1116
1780  169
389  801
869  983
1222  1554
416  286
1617  98
1634  1370
400  439
766  292
794  1266
571  414
1193  1308
536  1934
1269  641
1958  722
1404  1656
1725  1755
1149  1887
1620  28
686  1159
1394  207
942  820
1767  551
1741  712
402  275
339  1684
1932  1097
1265  1430
489  1293
988  233
734  1597
1716  1109
1596  1138
1673  891
1643  1420
1186  1522
1136  1637
3  601
1167  1842
1365  1287
157  135
1099  948
1620  1473
337  1866
733  1723
1422  1560
831  1250
870  1633
725  926
29  1483
1007  1566
740  1527
1674  1015
1823  323
145  1031
1369  1289
1462  511
829  1923
947  1238
107  1010
1027  1337
469  1252
1685  1467
1068  1834
1279  774
401  1212
466  838
1884  623
237  129
1669  355
253  338
1110  986
946  35
368  356
976  1828
1898  279
684  1359
1238  1939
1645  1891
1345  193
216  576
1512  1920
729  277
311  1655
1234  540
1407  1952
1410  756
777  642
1717  1504
1840  1389
205  1823
1959  1003
354  452
418  1158
41  514
725  1683
1372  1965
849  1158
411  1637
1536  1355
1210  662
715  402
1864  824
922  22
771  610
398  1416
241  1151
426  1120
1301  952
1955  1515
635  182
259  501
1684  1437
135  1767
1231  1582
687  173
1713  783
303  1237
1261  500
645  738
20  1975
1622  1542
501  1581
1962  321
846  1810
1051  1558
1025  687
355  843
1814  747
326  306
1497  1664
1933  342
737  1392
1549  1280
64  1630
199  1166
1647  505
367  487
1156  1078
1020  1588
244  888
137  1917
212  635
1240  1375
519  63
1443  565
1784  233
478  1660
1438  1493
1271  1139
1692  1625
1596  1015
1829  426
880  12
1332  37
1256  1216
379  1542
408  1494
2  1585
884  407
690  744
1473  637
813  1330
1579  590
1431  645
384  838
1124  272
327  1590
825  903
1368  251
1980  1476
489  1189
559  89
1194  1672
410  447
410  1230
1449  1868
1691  30
938  1548
1823  1230
1216  1473
257  1064
296  448
63  322
234  1531
1857  57
181  1467
820  1498
574  406
349  510
1972  530
878  1117
306  253
1549  1085
756  88
835  1721
423  64
402  656
850  1277
1993  1151
934  1694
1654  1631
1237  1755
985  1839
872  1328
676  1481
953  1160
819  1805
1417  392
1840  48
586  1490
575  860
1071  347
6  324
1814  76
1205  1782
102  1692
1968  571
408  226
701  153
1134  723
1880  1785
1981  1632
13  1841
1686  693
1707  1140
818  1715
846  60
973  903
959  1815
1446  1824
1933  1140
1769  978
1170  1485
1763  1474
1145  1518
1821  1723
70  1804
1187  1578
1368  505
1104  1838
611  886
1149  1716
1067  352
711  1947
804  404
765  1424
1891  1621
703  1526
1869  1189
1210  594
316  1787
543  496
905  621
70  700
610  1151
1209  1620
79  1451
1377  1943
101  284
117  1776
510  772
101  240
1619  603
1591  332
378  517
41  441
521  851
481  997
1445  87
1904  454
366  1859
1550  1632
164  274
166  1305
1341  581
834  67
795  1797
631  1042
1500  779
1998  1324
662  1975
117  107
1097  1667
1368  1123
1339  457
1680  263
1894  89
49  1642
589  149
1687  726
467  1117
608  815
640  1068
866  1847
1341  1071
1084  1608
1626  1379
182  956
888  1886
79  1083
769  691
1397  630
1126  306
1127  1111
83  1729
1145  936
181  1081
709  393
825  739
287  1228
1103  1694
1733  365
1814  1288
305  544
948  1736
536  824
537  1997
576  1414
997  80
1457  511
1687  795
1511  1712
1517  406
324  1351
1935  523
1963  848
1456  1535
140  85
1478  1012
1390  700
204  1789
1852  1184
1990  1468
516  1211
993  1591
977  411
1006  1908
1135  1009
755  1071
707  640
1251  1060
1286  1382
1002  1629
1140  1004
1817  1926
103  464
1357  1570
179  1841
1638  635
126  77
1802  1079
633  1321
628  1758
562  1893
1162  1190
1709  279
252  905
1853  250
1431  242
1746  787
1456  833
156  641
1439  246
1625  1853
268  988
1667  1678
1610  432
900  1838
1823  382
786  868
1597  1597
1861  989
1634  495
278  1618
269  753
1353  17
1842  1103
636  1743
1348  1416
1293  956
1476  1767
1913  1260
302  1496
1448  186
388  122
1845  1975
904  329
382  1054
589  954
1788  1544
1334  1874
219  1248
1158  218
695  667
1669  1240
1976  1053
661  1721
1257  860
1969  82
321  1871
827  614
647  102
1410  839
1049  1615
1795  912
1596  1097
1028  1032
1363  539
1744  1540
24  937
1671  1742
421  1326
608  1953
1651  534
1337  822
1978  590
535  1506
1642  901
1596  1182
1155  517
55  375
503  609
987  94
1516  930
261  1484
1842  1218
1766  691
1710  1137
1766  793
70  88
819  338
720  1661
865  979
1479  1887
1059  472
1885  932
1168  451
1449  184
1523  1600
1540  1139
1871  1983
603  431
592  1475
130  878
1341  870
1102  1341
870  1777
1525  1529
1722  124
1514  1096
343  1225
1229  245
1014  1540
495  1846
218  189
1961  932
1992  1115
1815  956
1546  424
1840  1106
238  569
884  1502
82  1526
119  1695
459  1327
667  1898
1551  587
857  1950
1404  907
1083  81
1198  1744
303  354
1606  1900
1014  1137
810  309
785  136
926  877
1676  1731
331  1169
896  159
201  1251
111  186
889  747
1137  186
1674  276
1657  1868
106  485
1529  39
339  490
175  1663
848  826
1041  481
85  778
1369  1880
160  707
474  1539
179  1251
1868  965
496  21
1184  91
1834  1041
405  453
211  742
135  1208
407  1676
1677  818
35  824
1442  1860
780  531
666  479
1153  764
1692  317
599  902
1012  209
1137  1521
1959  1938
8  700
1303  1421
728  1192
1119  1626
1683  1998
183  158
363  952
218  1798
30  339
1882  1956
1158  1930
629  126
779  1442
1137  583
1923  85
981  355
1586  699
1429  839
895  1217
175  1971
1968  1874
1769  426
1136  1920
991  1407
1870  282
163  850
1414  1263
459  1192
1414  1065
368  225
1698  1736
581  1112
522  1772
846  1343
970  83
40  1105
1421  812
1341  1181
646  232
1494  1711
1649  1814
1573  895
297  1829
1424  1414
219  1246
187  727
356  1139
778  589
87  1737
959  292
145  1500
83  1440
1927  585
687  395
1831  253
1204  11
553  1649
602  1562
1777  333
870  1778
1798  1984
1484  793
171  820
1429  1401
1812  1835
1364  151
814  23
154  192
1557  62
968  1755
1349  339
1518  96
1121  69
197  1058
1739  399
592  1163
1591  1802
566  552
1060  1624
1670  1075
1188  993
431  1342
743  1954
1696  917
1728  386
1210  1651
821  684
1827  1515
1381  1900
1957  149
1236  488
1882  1078
1673  1047
926  1073
1936  5
864  1465
137  209
200  305
1676  927
1044  1825
168  344
490  101
1108  624
1554  1346
199  1768
927  1688
561  1920
930  1470
192  825
842  193
1475  618
1859  924
596  125
834  1878
1488  829
952  1101
368  1584
1913  154
97  174
132  472
245  462
1946  1294
1460  715
1812  1984
1922  1403
471  1638
724  240
1509  1148
1633  1062
205  412
27  644
480  1902
912  894
1895  931
1427  322
752  598
102  880
1291  1136
248  1778
294  1973
1970  955
872  1729
667  672
1551  1917
1298  1912
491  63
1598  1615
298  1120
921  498
1969  1798
1454  1867
475  1890
666  1182
1085  1554
1904  1602
1369  311
1557  37
1416  1978
607  1529
503  189
749  769
764  1652
397  1177
217  321
1690  1331
1768  980
22  274
824  864
1165  1175
1192  1124
1247  156
1213  641
1426  380
434  633
1508  677
1385  1069
767  1376
158  1246
1895  1721
1860  904
475  1548
666  1518
467  256
1723  1316
656  1062
2  40
1460  1509
415  286
1129  674
1912  18
765  1310
1967  237
1954  1618
723  555
801  1583
699  253
1265  151
1878  580
1008  328
534  212
895  1447
1075  1923
844  1432
1615  446
203  263
827  1453
402  1730
584  144
1663  451
696  1198
84  826
1783  1138
122  129
1560  1316
1180  1743
1732  1349
1731  939
168  545
1508  930
874  1737
1924  895
1137  1266
1835  392
1228  1235
395  1670
1208  274
1144  1719
1439  1754
1702  933
847  122
1300  1138
494  326
736  835
1300  1996
94  1276
1902  1901
1716  367
318  73
694  1962
295  787
1516  1650
1435  1066
1934  522
800  1871
128  1671
321  975
1906  1830
283  260
1362  1210
1619  965
317  376
989  1873
1101  1494
241  221
518  695
1292  585
726  1429
1973  555
1583  1368
284  1798
1736  1604
1782  1277
1819  3
1491  1397
33  377
709  1409
1588  478
754  1475
817  890
1275  1847
337  11
1989  841
1439  221
1331  1717
1283  418
6  285
733  197
1284  1204
1196  1517
179  1296
823  1659
656  532
466  698
564  180
1991  367
462  1910
1843  1331
774  946
1603  1867
372  1281
1466  1605
1598  1035
1439  629
1321  168
1596  193
609  1483
1013  186
1197  1286
293  1403
521  262
345  1857
731  1837
1706  1823
580  1229
1605  463
1017  1821
1630  1361
1036  1412
647  489
1329  1971
275  597
1141  1062
79  1376
329  282
1709  1659
1764  1339
444  1212
200  1925
320  981
1169  545
1278  24
807  748
1358  100
1925  746
1857  743
1231  797
1306  684
1021  677
572  779
667  1046
687  1889
1760  1442
183  1673
1890  1935
1075  1873
1315  1485
825  1166
1736  1713
1899  317
460  1542
283  370
1464  810
1806  1615
35  1422
1784  1960
253  924
484  77
26  1326
1229  1429
643  1164
1656  948
136  320
110  666
629  1740
1846  1435
671  440
143  609
995  1269
564  208
1189  73
720  1615
1267  1145
1099  1025
1902  1615
169  1557
1676  671
1677  1986
1360  1568
188  1798
657  1818
68  1421
1571  23
1637  1718
1290  1471
15  117
1931  1599
592  1673
1149  1898
290  680
1394  680
34  75
1637  1275
600  708
874  266
1249  1836
1224  1507
214  998
1158  580
1575  1041
143  719
602  106
1788  656
343  1373
1649  1737
868  363
29  1214
1348  1367
811  1593
427  1741
1393  1019
1846  1933
165  1246
971  394
1282  348
1342  32
1095  1059
1852  677
1530  1013
1811  1444
1414  1478
65  262
988  581
882  1481
485  964
1416  1645
1993  479
1731  207
918  1511
1621  1607
807  1538
842  408
262  966
641  1886
888  1067
747  1795
598  698
529  298
1419  284
422  1452
554  1921
920  888
671  1133
1771  1062
779  1583
356  716
1382  724
1327  1110
847  1038
1934  1483
1732  727
422  1322
1647  868
651  310
1300  472
60  585
1337  1916
665  297
1920  526
129  652
988  1879
1021  630
1630  284
1441  1680
838  1676
1250  1228
1008  1538
1378  261
905  1492
1249  970
1518  1108
120  1723
995  1968
1920  462
48  1826
705  139
947  1836
905  1237
113  609
828  147
1611  213
1446  591
1987  171
242  822
1821  460
83  1449
2000  811
1208  848
1308  186
621  1438
1988  431
407  1079
1271  966
1646  1725
1490  1126
678  557
353  787
745  631
263  1239
1560  1691
1821  1734
1943  93
668  1568
207  460
1611  72
73  540
1727  1621
209  1664
405  1993
895  436
796  1238
1475  305
1282  116
735  321
948  286
765  937
669  1277
406  549
1687  1153
615  1260
768  583
1786  176
1670  519
809  852
1951  701
1617  943
920  1895
1685  378
687  918
1721  926
421  532
1445  1723
840  339
148  1852
1507  1126
238  1537
521  1382
212  1050
1247  242
787  195
373  1439
1333  577
1187  1479
809  1671
960  994
209  1956
961  1393
1946  666
199  306
370  1355
1497  1820
573  1501
1323  266
938  1728
1860  586
1911  1539
1657  1623
1105  1157
1488  1545
819  922
814  1433
647  1640
619  1061
1029  842
1037  562
1504  854
1322  710
917  888
468  1758
1224  958
462  1737
1484  271
1342  209
695  1586
805  1741
131  176
1871  663
1310  911
1880  141
1071  156
1695  1673
345  1156
895  889
1609  925
367  1116
92  72
599  190
1864  1227
591  678
1832  1607
307  1209
465  349
1526  1346
496  58
1918  481
446  173
226  905
1929  1255
1199  1733
1240  45
947  1716
1849  1415
123  1802
363  1944
1855  1783
1209  220
170  649
788  416
1195  60
101  89
255  641
991  1855
1761  1990
1974  701
886  851
107  964
1977  1873
101  289
1046  1259
1318  714
984  335
1302  1071
897  470
1084  1790
1507  924
678  1177
1941  1102
1728  660
1094  1189
1396  1839
84  1415
49  1703
1627  1503
1233  1086
1071  506
1043  1241
379  1114
818  1471
1467  1474
1993  1059
83  1635
78  291
1030  1504
1733  232
438  1707
1133  1722
361  900
226  1776
1491  643
1994  1279
617  54
655  1079
229  1733
1206  1301
1643  751
1072  1544
1593  608
123  1041
352  1647
880  535
781  129
225  1998
1684  1069
854  1669
1897  427
1669  1797
1197  143
505  207
1463  992
53  1178
705  1022
1880  1722
1988  237
1582  1041
1262  786
1367  406
1099  60
536  449
1857  845
177  976
1754  1623
1701  502
1844  1903
1542  1633
211  159
601  496
445  1452
1105  159
114  275
452  154
530  872
1281  1216
420  370
1374  1105
977  742
1003  1293
523  1904
291  151
1945  829
1618  461
17  679
854  552
457  494
1548  442
1230  340
1133  1179
1532  1793
1962  1311
747  1066
1884  690
239  856
941  1812
671  281
1172  1247
155  1371
1875  202
1696  1631
1768  1971
494  689
780  1280
179  1121
248  1203
260  1583
220  709
222  267
425  1546
441  1249
185  175
1357  609
1019  928
1687  1246
359  741
1074  492
1745  1679
1466  1891
1869  1136
1245  353
1762  1745
1412  221
452  1048
1499  1056
1960  1640
1338  390
1594  1741
321  1590
1959  1398
219  584
929  1063
1688  1463
1839  930
1594  4
1319  1729
1917  493
179  403
1262  284
323  1644
1646  407
1668  1262
1900  1851
71  1773
320  806
1056  1450
724  1608
341  572
734  1392
138  761
1846  769
1059  390
440  752
1094  1737
45  379
670  1688
797  290
277  774
1775  1183
804  1679
8  1863
772  230
827  838
686  1827
919  392
343  329
1423  877
1182  1654
1310  32
952  335
910  557
1075  1231
468  1905
1919  1722
1240  290
1049  929
405  1094
245  1314
1463  1618
1629  529
1560  110
1260  565
129  346
207  1782
70  1825
1828  174
953  346
1143  1368
859  1934
1566  1171
176  38
1346  1746
1832  1760
411  659
343  1031
414  27
429  1106
83  376
581  39
1611  1001
726  1721
1517  624
1554  1203
1133  1820
1583  1029
738  464
391  1145
1470  1927
520  626
1916  334
62  1368
1977  986
1367  542
540  849
1298  984
676  1508
1519  731
294  82
817  1471
1412  180
988  357
545  1367
214  626
867  447
687  350
1477  255
1912  364
957  1441
1217  1713
713  744
606  45
66  367
1153  410
778  424
862  1087
1035  1993
1281  752
97  900
945  498
168  662
1087  937
781  1586
554  425
1625  1414
1462  1868
1816  451
1720  526
475  1677
1760  1288
1342  1555
559  1121
245  1702
1218  1413
1039  461
1128  191
804  1465
118  1573
833  1253
222  888
1616  1058
1407  1566
325  49
917  1382
1107  263
338  1211
674  1429
1414  1214
1262  1954
168  426
1032  1392
765  1337
334  1178
1498  767
188  860
15  1062
1315  453
1108  1311
993  939
1326  388
1953  1309
1657  1915
1077  1541
79  1150
94  1288
1409  910
940  1429
916  162
220  420
1045  818
652  331
1019  1578
672  668
1902  677
818  1455
264  1542
1937  1747
67  1297
1040  907
1111  321
1975  1459
547  890
1304  1650
19  1135
187  1320
49  708
1420  1861
1551  67
307  1933
1539  18
896  1888
1027  1276
944  1027
1556  829
1937  694
751  543
67  886
165  999
804  1384
816  1288
361  142
141  1344
1262  741
900  959
922  1418
1463  328
914  970
322  1863
1043  1212
1181  134
1580  1583
480  422
1265  808
248  1376
703  343
1199  254
933  1017
1607  701
625  667
121  1046
1052  38
1067  1817
907  1133
1199  487
239  1837
1925  1239
628  1993
1698  51
112  929
689  1608
1586  635
738  567
1836  1848
821  934
1096  461
1780  568
1672  1663
1838  367
229  650
823  554
1147  1889
1871  1251
393  1187
1559  261
120  1945
1338  747
469  473
1233  1230
200  1847
1372  1544
356  1624
911  516
1142  1256
1089  1478
567  1081
76  1452
260  1146
74  1482
352  1390
925  204
1717  1317
1815  1910
1571  152
244  477
198  781
1875  38
1630  1787
829  1317
421  1288
1660  750
311  1518
1496  980
1619  1252
1351  1422
363  454
792  367
542  1286
214  1146
798  398
19  798
1248  1919
1227  1607
159  1790
1146  1830
1230  1865
600  1813
1076  458
9  1718
1367  1636
211  551
777  997
811  1033
1038  1745
863  1448
1815  1589
442  1126
1190  324
1492  708
635  638
1677  341
685  1496
730  818
1862  722
161  91
1363  1794
41  1073
1335  529
1917  504
1586  718
1881  1443
1525  1379
894  1572
1910  285
1264  1003
1181  357
803  1229
178  1343
292  231
787  1267
215  1197
1048  676
608  1296
145  1006
1701  653
1800  1935
1965  1177
417  697
511  459
568  112
298  441
1833  447
1716  94
271  1962
1878  682
1242  1857
331  1850
1873  1102
1191  675
90  657
1129  215
290  400
210  1472
1662  184
381  1261
1471  310
344  1882
797  141
507  296
1448  209
1692  842
784  1351
59  1931
1875  1143
32  715
1118  1404
1707  152
984  1020
832  463
939  1881
1082  1836
1400  833
1276  1051
1864  1798
972  653
9  1650
1773  258
575  484
970  1357
1674  170
1042  1577
1601  753
1899  1645
1486  1883
52  662
639  1557
610  1439
701  827
1995  1696
339  432
442  1264
769  1048
1966  1346
483  1157
913  647
1669  894
454  424
797  1174
722  336
1579  1291
1319  99
1278  9
869  723
771  1734
1348  1709
1860  604
1345  1509
1679  411
585  1540
934  1363
917  821
233  866
1658  995
152  607
1636  310
1113  685
1291  64
263  830
1600  689
1735  1898
893  1788
1070  763
1002  435
984  4
640  1041
59  1567
1888  1706
1925  852
1339  733
559  1221
1377  1841
1900  1253
1654  1423
101  1050
292  322
1322  1526
781  1933
378  756
234  991
1907  1425
542  664
1710  635
762  1728
933  852
923  1647
498  32
1319  1542
576  956
511  133
1564  1022
610  659
560  303
548  1136
1176  266
1829  1230
1812  1305
589  399
1268  1365
1729  776
92  1437
518  428
1402  1479
322  9
1085  327
1472  1667
556  565
1818  1451
1881  1896
443  1352
621  1520
1867  1077
1338  16
727  1689
1842  1744
1471  1879
234  1285
1847  1777
1808  908
185  404
1169  2000
1896  501
1642  1630
323  1966
1511  1124
308  1499
942  1132
234  762
197  428
789  1032
947  86
713  1490
704  719
535  441
772  1249
1080  196
61  832
453  1011
1298  720
1078  1263
716  1569
759  444
1668  639
1252  1773
279  757
517  1393
1492  126
694  261
1075  1254
75  600
270  1924
729  192
1681  418
727  159
713  1524
1238  1136
146  1589
98  1093
1561  626
1562  1300
80  893
22  1481
136  1582
1869  184
132  1163
1801  1644
516  1621
334  1845
1936  1072
1142  1403
915  85
767  1029
466  506
1660  1129
878  895
1630  402
2000  1544
972  1933
399  1804
1536  487
929  699
1591  819
1304  490
1842  1693
1282  1545
1947  668
799  1910
1880  1172
667  423
1998  993
1809  1567
1218  1809
1512  1098
1936  1433
548  1490
653  1242
1625  1396
1080  792
931  1213
63  1571
1676  1433
935  1789
210  1283
688  507
1572  716
926  752
418  190
1726  32
1509  1016
1391  1478
1936  235
380  1171
1998  1945
1680  1979
1621  1114
1599  1124
1153  210
1767  1429
1238  1297
1956  1722
1054  1616
1856  1495
368  1681
1258  84
33  337
1580  1242
253  1517
1868  595
720  1778
1729  1678
1130  359
1485  1737
386  268
734  906
1202  258
299  541
1928  222
233  735
228  647
1193  564
1953  655
229  393
534  1098
1369  1188
1327  1783
1179  448
1949  1262
1268  1313
233  1129
1525  641
1390  1378
409  340
185  109
1307  12
1056  46
536  509
1820  956
1967  608
1504  489
235  1784
339  598
903  1606
127  584
1840  1136
1705  114
883  1658
1089  741
1737  466
561  1276
485  1956
113  608
2  1360
1530  666
1421  742
1464  166
1598  1946
106  1275
854  1776
93  1748
1922  1380
54  1948
392  330
1537  1038
1189  1535
473  582
917  1402
548  1169
1396  548
449  347
287  1583
965  819
65  1289
497  1711
126  842
1269  301
100  1707
244  825
441  498
593  71
968  693
1637  1446
704  1560
100  53
919  1166
1081  1272
1440  1529
1135  724
362  1623
35  201
1419  631
1872  1391
1279  1488
307  1672
910  924
123  936
1942  636
1844  1205
995  763
538  1319
255  1264
1306  1482
463  623
1857  1270
625  457
239  216
1623  812
862  1200
1469  878
1277  1220
421  266
133  315
102  1084
1284  171
1532  1301
273  369
754  1137
311  1332
963  1102
631  1419
1411  1783
1145  1717
1850  1778
1669  1863
188  1596
258  1252
1124  1173
1440  593
1514  1033
319  239
578  1941
677  995
639  1667
361  1759
307  1926
98  325
1307  884
1351  1027
1812  758
678  430
357  1773
1951  1283
807  1197
720  1353
596  219
154  1659
1960  1625
1758  1515
1351  1362
1817  582
1649  1056
819  1497
887  1970
851  1473
1833  429
453  1788
852  943
588  1223
535  1489
174  688
948  153
272  260
1464  549
1590  473
1691  1097
950  1331
104  1170
1170  1541
1965  1536
1825  180
417  766
1885  1389
373  1999
835  754
571  1916
86  1830
767  1459
376  440
1098  96
102  1462
489  335
135  1386
720  788
826  510
1985  659
1612  1641
816  1736
1810  1340
1277  328
799  1708
1019  702
252  1862
264  1330
424  1887
1495  748
1985  426
1394  1358
1982  1093
27  1638
991  10
27  1635
47  1192
694  45
1128  1892
560  800
1080  1196
1002  1489
115  88
597  1215
1693  824
422  493
1540  1771
1643  1141
124  761
996  1732
1531  1861
1302  165
14  633
1118  1226
1723  1670
415  503
535  704
937  33
598  1339
1885  1886
705  1244
5  805
1543  1310
1505  489
1305  1348
1094  1851
969  1679
1520  583
326  1426
1184  336
1548  1092
67  1629
550  909
9  442
1826  1496
1797  1058
685  1803
1215  1569
999  1756
1472  1185
882  1141
1091  231
912  1963
1320  1253
429  783
829  598
661  811
273  584
1957  147
1600  1927
555  1650
1810  1027
1652  1105
1059  226
977  377
1066  780
34  561
893  1810
255  1620
681  1797
18  851
240  1440
1044  308
1975  1117
487  1837
1263  652
468  143
1104  790
1735  528
416  1774
679  1067
1043  844
127  820
1220  1556
1080  1799
1022  1511
1103  301
1649  1420
1667  710
1563  1448
1632  1697
1955  1513
66  1413
360  1758
693  351
489  1287
1137  705
1535  1223
354  387
232  1175
59  1948
1134  521
315  97
1406  1305
1352  1804
416  404
1861  323
1666  1862
533  236
1383  152
40  1773
1333  1286
641  861
1911  89
357  1083
381  1640
834  1791
1165  354
1888  224
1408  1094
821  1167
1965  1901
624  1197
584  274
1752  744
154  1465
1774  205
12  928
1466  745
340  457
528  394
1509  1525
746  446
935  610
400  1009
536  258
937  389
1930  1346
941  939
485  949
1695  1355
561  1045
61  1880
428  1671
1319  1752
1103  1198
1984  1990
1604  1662
1961  830
1462  804
1036  412
589  686
6  1054
772  1730
1789  265
23  1985
508  808
1760  1519
1154  1804
1558  1986
565  77
646  145
1296  417
53  614
505  877
898  1664
1693  1820
557  1101
530  1928
361  288
1842  1221
1400  1479
1735  1700
1499  638
1146  629
520  776
1504  344
71  476
1715  1866
1992  993
1697  939
1868  1230
338  1071
916  1857
714  1693
657  125
1010  989
1786  1229
1099  1318
655  886
393  644
1622  538
490  510
1789  529
1111  1101
1060  1518
1228  1880
350  403
1181  1504
72  203
802  450
198  1167
422  136
644  789
34  1158
617  246
606  827
1884  933
227  1511
1965  1415
1062  1777
627  1803
1097  403
731  674
493  675
543  117
1789  795
1947  575
1564  426
922  610
937  1267
439  57
821  1247
53  1591
36  1980
1907  482
1503  909
1799  1764
287  1024
1963  676
919  1055
1340  548
1254  964
1838  1349
177  304
1551  1170
948  1276
1433  1070
1577  273
1412  1686
1969  1607
1664  1910
1905  1372
1106  106
1665  1035
1817  1128
923  1556
600  1494
378  700
1989  440
1970  1585
1863  732
941  1129
645  1594
861  1721
615  1311
1290  519
1242  69
257  1554
1146  1000
475  1721
1210  722
1531  912
1297  193
530  1298
1020  2000
1989  928
273  1017
427  880
108  1563
1041  78
211  1022
1191  1083
604  556
533  1517
733  354
488  1599
1405  1744
771  1893
1845  968
198  1311
370  1194
4  299
1184  910
456  354
1884  343
1513  1989
355  1551
1396  93
1414  232
144  1876
833  407
202  1953
1584  1761
464  1779
1310  799
1628  179
252  1213
133  56
1176  1536
691  116
321  1806
1747  1110
206  474
302  344
925  1199
15  326
1163  921
773  410
43  1794
907  1821
410  1206
584  1148
1224  412
1112  1557
1849  1808
115  1297
1764  151
1634  355
1438  467
1237  120
799  77
421  1027
301  1378
496  1451
1489  1592
1355  710
1098  208
1590  893
1791  1026
1479  898
568  1953
438  1313
630  1945
1599  1380
1057  679
1341  95
275  427
1676  146
1235  890
1740  567
460  397
1988  732
949  1846
1108  1243
1783  126
1808  1935
791  534
342  1905
290  904
1360  1089
939  240
400  902
1921  712
1236  735
1408  914
1616  777
1679  1418
385  1044
389  1469
278  838
1172  56
1624  385
102  1252
1076  1178
310  1931
1165  907
980  1733
392  287
659  601
482  885
886  85
141  536
1879  339
1446  415
931  1666
1255  707
1289  1888
1591  856
1355  278
49  1563
1592  734
1743  1278
1258  450
1527  1817
137  1055
822  691
751  124
844  1911
1577  529
1055  1199
1413  1163
1611  1438
419  1105
804  425
1712  1403
267  86
1067  1985
599  1017
1664  40
39  337
1637  74
1975  1439
810  152
821  1152
1107  565
1522  1511
1938  1242
1772  1708
781  632
1886  874
592  392
1715  254
120  1667
1541  864
1138  1111
734  84
1834  1795
1059  494
794  1489
814  884
205  1007
0  1376
1683  1365
1377  1223
1184  281
660  1266
1609  35
1670  688
1485  68
1781  1493
1530  1070
1124  293
98  295
399  190
1420  1723
906  145
1696  1215
1130  1772
574  1416
1193  81
602  1432
737  1638
1051  1093
810  1537
1659  176
951  1228
22  315
1895  72
1551  121
1857  1028
1736  1613
997  1257
316  1665
1629  421
72  339
513  306
1668  1397
1726  772
568  1662
1892  1368
1450  933
1895  31
1312  1247
1436  1303
1515  1575
1654  1193
200  457
1898  1352
1317  1524
1944  169
280  1601
310  1869
566  1352
619  583
513  1998
926  785
1684  642
1346  1835
195  1484
265  1699
981  422
1886  1621
954  22
1979  206
94  575
1479  870
881  388
581  279
770  565
1486  906
1679  140
210  1604
1331  430
155  742
1501  809
441  1097
1463  832
1408  1960
725  1098
916  1322
530  326
1663  731
95  785
33  220
235  980
1532  1943
1427  1894
1121  834
966  1537
1286  499
1683  1819
1816  1989
620  532
1701  1471
1826  773
644  684
1211  489
143  1768
659  159
505  920
166  1145
1103  1303
458  750
706  788
627  1352
1098  1152
542  1092
854  1674
1018  1566
657  1564
546  1603
906  761
1246  1507
1258  1404
1902  123
43  1786
118  297
615  1357
1948  1287
452  1854
1354  511
280  1290
280  1631
308  85
911  879
1648  194
489  660
177  465
342  1388
816  277
935  822
1110  817
450  1420
51  461
816  1628
493  1811
1275  158
382  352
1176  671
1277  826
494  1719
1475  1138
387  1295
1116  919
722  1246
459  1057
854  841
1664  1074
1042  298
1078  1555
945  1001
1861  522
289  689
688  1858
1350  207
828  1701
1779  1537
1563  1951
815  1996
49  1250
1937  914
84  664
978  1655
1891  1400
1083  1401
467  958
1683  479
82  1374
1880  334
1489  1394
1829  1527
1595  988
1160  1483
1487  1374
1227  381
1667  1258
513  132
1418  1790
1292  1924
1232  1432
876  1112
698  1644
1879  1383
151  885
256  259
920  1541
425  808
1691  1861
339  1728
449  130
1085  1414
1942  1463
558  1009
1609  557
1929  771
394  1049
1036  1258
1419  1584
856  1663
586  1290
400  1798
1410  1041
277  200
577  760
1939  631
1916  1058
1744  340
680  1201
745  751
520  855
1988  120
1133  831
1350  761
1841  436
843  145
280  1125
1501  74
331  1855
614  1723
174  1771
293  710
1267  1914
1997  665
1095  1041
1645  677
758  1788
1679  1090
1491  216
1309  1956
648  1954
1991  1719
99  1059
752  634
1904  111
1957  1707
199  1910
766  829
993  1677
344  1322
218  71
933  1901
1906  909
282  593
288  817
820  1406
450  1690
1765  1121
1511  1470
1092  1389
431  1616
1147  873
1241  438
1402  1829
397  1366
1912  482
813  1875
304  889
888  1111
1912  8
1477  692
1816  771
1155  751
1925  1075
1084  1530
667  622
1040  430
663  864
575  1438
736  1894
240  1981
252  1119
933  1343
410  1987
995  1264
597  1231
1408  330
896  1279
1760  1245
252  1113
258  426
1014  45
1782  1503
396  1397
997  852
1189  35
1869  1776
924  108
241  1032
1558  1431
1800  760
312  1353
1613  718
705  1186
1782  1045
371  1750
1788  1680
1334  1601
774  1106
538  1198
210  1343
1904  1732
425  582
1614  1254
1050  141
1787  1072
772  1383
336  668
97  1397
172  401
972  965
237  1767
1347  1432
850  902
1944  865
1177  1658
1544  899
506  1820
1841  788
306  132
350  1345
346  1672
46  1668
951  572
1240  440
540  1215
140  1531
1079  1245
458  979
291  785
364  79
505  1246
1143  415
730  1773
23  785
1307  1927
889  1001
1186  969
175  1352
1303  132
1347  1130
674  1823
267  311
591  301
569  526
373  443
998  1578
975  1880
1072  686
1152  1990
1347  442
155  160
340  767
239  1103
1894  1204
1469  1535
1853  1362
303  11
484  559
362  46
1405  20
379  244
799  387
789  577
746  1616
836  1153
432  1125
82  1418
476  580
14  1274
766  1008
1813  542
1101  593
29  1835
262  1987
258  219
2  947
318  1941
1319  739
1557  1809
1115  1639
1630  1163
541  1946
694  271
181  726
280  842
117  324
993  68
1934  1191
1909  701
1621  1241
1084  1888
394  1166
1998  376
928  1121
148  1073
42  1430
805  1430
552  1609
1877  366
1526  939
90  596
1370  427
1408  625
1835  643
946  688
1283  1003
328  574
151  1456
1988  1184
1343  1021
588  788
1040  844
1825  405
1938  652
1930  608
517  553
1456  1230
1267  1625
340  1461
731  1123
1154  1825
1578  171
1381  754
1774  1934
961  530
463  930
1472  862
503  555
1168  1756
1056  1548
1016  1652
381  294
1658  1613
1130  527
1403  762
808  170
1123  38
658  767
1699  595
606  1997
1311  1733
1934  1621
1724  1517
1616  1564
1435  842
76  60
246  23
486  827
1532  842
895  130
247  223
1015  345
940  630
226  973
44  1888
735  1038
1469  326
1562  1230
1026  1770
1966  192
31  59
86  729
293  1802
979  1237
1322  44
302  1752
995  969
739  98
1768  218
1072  422
1153  403
972  1158
1698  1392
402  125
809  298
899  1155
1146  1069
92  1331
744  1705
756  1677
250  585
1958  694
1213  1653
1376  1978
462  1726
1586  179
1498  1751
1952  152
1391  1422
218  619
1735  150
578  45
181  220
1958  705
763  136
953  1267
1656  1433
604  1425
16  387
1243  1661
785  739
514  644
715  1462
587  1443
1720  451
1922  496
1013  1656
231  264
1091  1708
554  1899
1175  332
653  1349
1049  292
1729  1395
795  1666
1952  509
1394  619
463  1848
1001  914
1176  40
81  1431
1949  1633
1225  1062
1885  1195
1327  1920
1380  1050
278  781
629  611
747  679
161  1670
1198  921
600  766
363  518
359  1253
506  494
473  1459
66  525
1985  66
1256  1070
1444  300
1266  1549
1205  1237
359  1400
1749  1257
1756  1518
1971  1859
1730  1131
58  1250
186  912
599  350
1403  561
487  477
758  165
463  523
239  440
1386  741
755  1216
1903  202
1363  49
1686  1610
843  1681
1011  480
1051  1559
467  61
738  1033
1261  1446
1319  1684
605  1066
284  1714
1211  1124
682  1744
719  309
1554  1199
1834  1178
1920  109
1584  901
752  257
132  958
383  158
455  499
1606  1954
831  1687
77  21
1973  1768
641  341
1868  867
749  1902
814  1266
334  1950
273  1276
1885  876
689  1285
727  336
1467  77
499  1006
506  281
339  1704
1289  722
499  1447
1665  889
1960  1400
1477  778
1446  105
1074  1725
1100  390
318  1372
1117  1198
1373  556
1434  1215
771  1671
626  1325
1167  1039
1964  1795
1256  366
467  555
233  1544
1355  517
1032  129
1410  624
1147  481
995  1412
883  1302
325  379
470  1982
800  5
1277  724
786  401
158  439
765  503
701  1355
872  1918
1958  1154
1627  1834
40  92
1236  1720
764  181
1873  1166
375  1710
1989  1460
805  1568
383  640
406  970
1398  263
946  808
1842  1829
1512  1803
1655  1935
1505  1687
118  824
737  448
173  223
37  1480
179  1162
1724  128
330  341
644  1284
890  309
209  658
92  1041
225  1214
260  1658
0  537
1695  965
1840  1036
1882  902
1702  336
1108  1082
1662  862
1874  805
1816  1987
918  1680
898  1075
1701  1587
1489  1100
502  598
78  1230
1674  492
1165  1053
928  1872
1768  496
449  171
1022  220
1831  619
582  1520
640  617
1483  1345
1745  1499
80  1303
349  574
1838  413
185  636
516  293
404  962
1594  375
1957  1990
1243  572
41  649
1085  279
1422  886
638  115
1051  1801
1575  882
1234  1187
365  1329
823  1386
118  1944
1117  866
165  1816
657  1750
891  972
1857  1024
132  1677
489  1530
917  1632
1908  581
1747  672
919  496
1148  49
1450  1931
1208  970
1607  1437
833  1865
1394  660
325  431
1126  1356
457  1330
1541  1720
1422  1954
1807  1624
1886  884
1655  729
551  1870
133  148
743  1872
824  1761
1302  1941
615  1444
387  1848
638  22
960  1127
743  1539
1525  291
777  1118
240  277
1756  620
1759  933
977  1549
1333  1842
602  1543
364  230
1886  1268
549  157
1350  1125
1121  1426
1116  365
231  507
903  1319
1426  1265
898  266
97  42
804  220
857  1037
420  930
731  1018
1368  779
1529  1995
1875  1185
739  1226
1094  270
580  33
1739  1801
1239  1557
28  1562
1300  1751
1989  1772
647  1204
1155  71
787  884
268  1016
1802  1845
1137  1730
1892  681
1793  1781
1359  1836
212  1870
282  452
1427  728
1532  1759
1111  965
906  1496
1644  1850
1031  402
1241  912
1338  731
1357  807
1747  313
1917  1437
769  1412
1537  1488
388  577
524  110
1285  243
339  938
1831  1608
782  294
1591  1135
772  845
1437  200
1841  914
1098  185
870  667
254  250
1517  1468
930  137
53  1790
746  1872
223  1685
1345  662
1293  1503
610  599
602  1254
569  952
637  581
718  925
336  1589
490  432
910  1272
1875  1189
207  1806
1431  13
590  546
1071  767
1728  326
426  146
44  450
1886  1454
1023  777
1019  1466
1970  543
651  125
342  720
152  1453
1960  1051
1363  540
723  1354
737  454
1212  969
1070  611
19  405
191  19
816  1307
1139  200
89  67
1653  469
1582  1848
529  302
1569  1464
1224  1709
125  990
1621  1347
1229  1964
139  502
599  257
954  1118
1655  849
1368  1005
1549  1167
296  298
975  1437
1573  415
1421  1655
1084  55
1502  1412
1738  864
45  1658
1053  107
1398  15
1365  877
456  1812
1029  1844
1047  385
465  1196
1832  35
1881  1017
1924  602
1489  1490
1841  956
491  1522
1182  1066
433  1567
927  726
1061  1559
219  362
1460  462
642  319
1297  1139
294  1623
624  1369
1991  739
1541  1815
818  183
804  280
509  205
1609  1203
507  800
564  508
1129  448
1480  602
1298  710
430  568
624  1576
1283  1093
926  866
481  836
641  1996
218  217
378  1019
1298  1174
1481  281
165  13
863  444
619  1228
309  1166
1264  595
304  205
1457  915
459  992
229  261
1908  492
957  1023
810  1036
779  1839
208  352
518  1395
919  492
373  336
1836  1913
1605  456
1980  218
1827  593
1126  1743
1939  1185
1596  1776
391  884
1096  1378
1859  1302
1015  293
719  1706
605  1189
1311  1723
989  109
148  1824
1823  1749
890  962
276  1742
643  162
1458  1178
1145  897
563  1637
36  820
445  888
201  1642
281  370
1087  1225
1108  895
985  617
569  643
817  1637
309  1029
1797  196
138  760
1893  1765
1695  338
375  988
781  509
107  828
507  876
891  1346
1790  1647
429  1700
442  722
1719  1772
1181  1697
765  274
507  1248
786  443
712  1781
683  787
663  1575
1151  1698
1065  1719
1694  812
80  546
1282  1056
1747  1573
251  1721
1117  973
179  1858
1701  1604
849  281
1995  1402
1549  210
473  574
1626  1592
1037  197
976  895
1385  1996
486  1401
1727  238
57  817
1058  344
1915  1734
692  1630
760  521
966  332
1256  722
161  428
193  1685
128  1149
1091  1279
1926  949
931  953
938  1889
903  124
1999  1750
666  1519
1473  1706
87  302
137  1049
271  1802
1437  430
1393  1307
1170  768
1473  635
65  522
1649  1611
446  1135
355  4
1842  518
816  1542
1083  45
1350  1256
1754  180
586  368
527  1349
226  270
1946  1403
1735  1928
248  1996
1678  1649
1174  1060
596  836
449  24
1434  1153
974  1922
610  326
275  1579
1256  456
1320  859
1020  1075
1499  1027
813  1894
1551  1301
1789  1101
1443  1234
1210  795
471  843
1448  1980
1263  679
1673  775
549  1654
394  1403
157  1299
727  673
1002  569
228  1447
1279  359
1339  1069
1328  1621
984  710
1472  966
1361  181
317  908
1603  1865
1752  1656
1349  1292
1386  431
1112  732
329  19
937  138
1724  1101
110  1685
532  632
1577  93
1036  1511
57  707
736  1793
1001  399
354  1661
911  234
966  204
764  301
1318  1122
673  1202
1275  918
215  201
1959  807
864  1552
512  1297
92  777
1122  1090
669  7
904  1498
863  1836
1667  1709
589  1829
375  1858
580  1247
756  348
737  1244
1415  527
1742  1602
92  1795
1774  1458
153  374
1532  721
657  866
74  585
288  428
1128  577
1795  994
158  700
116  779
1687  1876
1806  866
494  1042
154  223
426  816
613  1189
1430  465
1003  28
1384  475
46  650
1674  1049
1374  887
351  493
1295  788
921  315
1042  1520
1494  555
3  777
1660  1689
1301  970
552  1885
470  1011
125  1307
1506  164
534  1025
1189  687
1212  1622
834  333
1631  99
1244  334
721  0
977  1526
1481  366
1011  779
1520  1228
1817  144
1126  1157
695  507
1613  840
333  882
1040  1484
951  876
