1000
142  1551
898  542
1598  1374
702  1332
279  738
0  1913
877  618
46  296
208  655
441  1371
1911  1795
1443  477
485  1
226  452
1868  127
754  727
1524  518
1328  1860
1410  382
1401  1917
1685  396
1670  305
545  722
219  888
1345  1210
67  1151
1424  1085
84  911
551  409
1704  634
187  1138
892  1916
1586  483
1302  667
610  884
755  1555
1043  362
1530  1674
154  1045
1132  1879
897  509
1480  1948
540  764
921  1551
1466  54
86  192
1763  1155
331  1364
1668  352
1339  1633
1884  136
328  1102
1491  1944
1387  1801
1902  1668
46  1615
882  1121
827  1690
1690  785
441  362
1217  1075
1282  732
965  1170
866  1582
735  235
1033  199
1301  1982
1864  454
544  232
1434  42
120  554
507  1335
629  1486
812  115
1308  1102
1785  1231
1132  1129
1349  1889
1876  1449
205  715
1502  1480
1518  357
909  874
1886  510
1836  1423
87  320
559  1658
1675  923
297  1422
1644  469
194  1184
1259  1826
1823  107
1169  374
1611  1272
1526  902
235  19
1440  751
1215  1466
86  648
176  816
1  275
1136  687
169  1089
247  45
813  687
743  1746
1357  716
333  1771
47  556
476  1522
908  941
435  1172
1548  1149
1805  947
1933  1429
177  1494
1741  1448
609  102
989  1360
213  1890
1947  1729
8  978
1133  651
772  1093
873  833
693  1005
733  1358
238  738
1909  315
366  1833
697  300
367  441
1006  401
1451  534
1014  319
1479  195
1643  454
37  1787
70  111
1675  927
1731  1000
121  888
1050  759
298  982
62  822
1828  1624
880  1360
1056  1581
102  1228
326  215
1208  1414
1458  1491
216  422
920  1752
1456  1924
329  1765
7  1440
726  1672
743  1644
634  1405
526  30
1425  548
1680  1948
1997  1085
957  1966
1364  1257
1782  1325
1664  298
652  324
1882  1282
1449  663
1050  22
800  810
1691  111
1131  390
853  379
1258  1522
805  1287
1388  1265
1534  1445
1421  1821
846  407
729  234
799  1046
114  1656
553  1361
247  1178
543  1398
1886  436
464  1190
1836  1583
1210  209
290  1603
1703  1873
318  1839
487  564
1284  1072
1567  1413
120  132
1648  1752
755  1373
771  229
1903  985
689  1793
1197  1913
1505  849
413  1215
225  386
150  206
82  73
1179  578
1868  861
300  830
695  862
1993  1702
1292  1869
691  309
1564  1775
1006  888
1026  1910
1774  22
1447  87
258  698
1565  1190
1863  1840
166  1637
1186  1027
631  1133
1409  634
398  438
1082  223
1998  928
1471  100
1841  1120
1401  1037
103  1748
544  1047
1574  1041
1660  1020
730  1476
1213  399
1507  293
486  1316
1035  1556
816  548
954  832
930  1520
905  1224
741  662
1252  1292
1511  273
243  1238
362  373
828  756
683  1840
1502  101
342  1294
100  376
101  1095
512  1479
764  87
1419  1866
1734  880
1946  304
833  1955
1869  120
579  879
1856  1386
43  317
1522  1894
1129  1005
182  1678
695  820
1671  1410
377  1702
1246  1132
747  198
788  1896
1583  1175
1099  131
358  1698
271  1081
880  1224
988  87
454  900
1658  1490
1867  1164
397  1000
1471  660
1087  572
1246  1645
629  1346
1445  882
1298  1285
582  1478
1541  282
659  547
1628  128
470  1984
725  1712
908  664
68  1953
1238  888
619  1863
1068  475
659  574
633  588
1396  1552
1656  392
213  927
211  145
870  1656
1711  1573
1180  464
714  1784
1642  286
1130  1148
1707  409
1196  1553
1385  108
953  1391
959  1297
983  913
1836  344
654  1955
781  724
951  1863
1807  628
336  1609
456  1587
1647  967
1112  119
1440  1976
736  1832
1005  1944
1551  570
1926  891
651  418
1485  1705
1316  568
1863  1445
1130  1255
887  417
457  1588
367  1481
681  673
888  818
482  713
1877  845
1846  1654
1019  1380
609  1657
121  1487
234  1329
746  1495
47  1852
552  1503
596  528
1686  834
935  1436
1019  1926
1410  716
1638  43
815  1519
555  1469
840  486
180  746
1628  1904
889  425
237  821
686  1817
100  1935
1904  334
772  95
605  593
844  1135
1501  753
821  600
694  1081
56  1119
1666  338
392  865
1885  510
705  1970
1818  1341
1721  365
1945  776
1104  745
1995  502
1557  988
1725  1335
463  1614
857  1047
830  142
1214  928
327  240
817  973
143  1062
1539  319
205  561
62  538
1031  600
1959  759
1480  1634
1246  585
1644  1830
100  1962
1737  890
356  1402
1833  1809
1347  1944
869  94
856  1797
629  636
1323  943
1491  1015
140  1217
493  398
1270  488
713  27
179  1532
1863  859
469  808
476  159
1750  218
1430  944
1372  545
920  1832
1248  1509
446  481
1952  1030
1409  81
981  466
895  1137
1203  1738
1237  210
551  1734
865  120
50  1377
1383  1428
32  885
696  1799
184  7
1366  1532
995  1768
95  435
1836  1601
1622  728
1341  900
345  1021
1100  1522
85  1700
1789  477
698  1421
610  504
265  41
356  1896
525  1470
148  1950
1303  18
1580  1336
930  965
648  790
910  1046
1214  1642
970  1615
1641  997
1949  663
1662  529
1415  458
1099  1475
1348  1737
1212  1305
403  1397
1009  1999
367  816
305  1830
1354  1914
1775  102
1648  1271
1230  1525
1469  1582
813  1112
678  321
561  30
1127  277
734  971
529  857
1884  250
757  452
1300  1230
1580  165
634  756
1121  763
1518  487
696  415
836  547
807  155
201  544
946  1906
927  578
708  1084
445  390
1600  1105
40  35
1219  1501
1066  143
366  179
1567  381
1739  1078
1022  1448
1029  1749
1188  1567
619  1024
325  1232
1558  777
1972  827
1552  1855
1531  943
174  1739
885  416
1428  1787
1432  1844
1135  1515
1638  1649
471  513
1404  258
1171  407
848  1498
1332  278
1710  1177
1266  608
1693  1993
1584  428
898  643
1354  452
1657  1744
1478  1095
1237  1166
703  120
864  471
900  358
1490  1629
1102  1858
1969  1682
1416  1007
717  1411
905  1371
1679  247
805  301
168  1733
550  1560
1793  1079
639  15
1924  1077
560  1764
1143  283
1088  121
910  228
97  922
1181  1072
907  1303
1636  1378
1988  1486
231  1300
747  619
365  1559
198  1976
90  189
1805  919
1276  715
1583  738
1265  685
963  1531
1130  1582
1119  725
664  567
1309  211
504  1776
1747  1188
1993  1832
796  255
586  167
1066  1973
238  1141
291  586
130  558
1047  460
130  1243
1976  825
746  556
732  1087
296  752
351  722
1459  1209
379  926
853  903
1060  993
1885  1106
494  1756
1216  1220
849  1623
1706  1582
1705  687
401  1346
764  1296
1715  1319
74  957
780  1320
1955  590
319  1396
1894  171
1235  1332
1050  477
302  846
688  1787
453  1195
195  689
414  1008
721  867
1800  1731
1509  1742
1990  28
272  653
1885  1694
449  596
1920  1165
1123  1921
887  1226
646  228
1898  1749
261  23
1777  142
1023  533
1058  720
845  1395
1349  335
317  554
432  560
1976  329
40  1346
322  1097
1181  189
1647  1047
1466  397
1555  103
318  227
1845  467
222  1588
1949  986
1789  762
123  702
787  1355
300  949
113  1118
1391  833
425  1165
1920  1593
697  1872
474  428
1503  56
1833  1216
842  905
1569  1569
1918  1787
106  1831
674  1979
280  1114
1466  23
271  53
1977  233
109  1651
990  1025
440  1273
1876  947
1649  1030
1607  1659
1109  1738
1609  310
1110  1358
1219  491
291  1425
1493  977
1680  191
190  1352
99  1252
1943  1131
1403  1263
1147  615
1020  1441
302  622
1982  580
1619  1576
1927  1325
1245  551
1554  211
338  1210
1635  1282
825  716
547  828
35  20
1368  1968
219  415
1957  1014
1462  1894
1339  896
1351  547
1756  230
301  1905
749  353
188  948
1080  462
1033  229
598  1592
516  580
680  1550
339  1395
1228  489
638  1084
1610  1081
260  1228
789  1568
1990  445
1669  1513
73  790
1341  340
1246  1199
43  1059
925  492
1641  1841
590  344
626  1352
222  1964
1850  1129
1350  202
1375  182
1816  1417
1103  1590
286  1202
1312  220
1626  229
1537  791
1411  1858
165  1476
552  1130
478  801
1073  9
1888  719
521  832
107  328
1017  851
1570  1041
1171  1195
1527  1855
1597  1463
470  335
1369  1073
666  1819
428  99
1374  1654
1533  1364
198  1102
1585  529
1327  318
1074  145
172  614
1398  316
1501  1077
1175  1249
680  1391
979  1844
1309  340
1007  1360
837  1583
109  517
1750  246
1890  789
408  405
1448  1405
354  1634
230  1596
1315  646
1444  544
1631  165
602  162
1718  1908
740  229
311  418
1683  445
319  921
1148  330
1084  58
84  1767
1833  1277
1268  650
1313  512
1980  117
1699  1844
1503  358
93  547
1823  858
305  954
666  665
1408  1785
1481  1476
922  674
509  1267
1186  1632
849  256
1405  964
1868  330
1377  609
1024  1502
1529  146
101  349
31  505
1248  688
310  1702
637  1510
632  186
1096  562
539  1085
622  1688
1941  241
1385  103
722  1028
1326  227
929  1008
983  726
1666  369
704  406
1308  40
1844  231
366  769
958  825
1906  1928
534  580
1470  1994
270  282
1640  136
234  1320
956  505
576  1942
1305  598
15  811
253  164
80  1769
1265  389
226  735
1904  257
994  1302
727  144
1372  964
271  1366
1331  1016
735  1486
1903  1699
1087  524
1445  1501
1420  190
271  1865
541  1924
554  1495
1322  1402
1185  392
1054  506
1346  709
1059  1451
1656  141
1304  287
1348  1478
439  530
51  1488
1352  999
611  274
1890  240
1706  1498
374  617
649  1856
876  1399
1749  709
1981  794
517  1788
1494  324
412  560
1375  1063
1405  255
761  499
377  158
1253  1637
163  474
1748  1631
922  521
1977  1715
1389  676
575  1862
1534  884
1020  1078
327  1099
1934  1361
1257  1129
542  421
1839  1899
1549  1298
229  709
300  273
1989  1963
244  1918
1471  1004
1775  720
853  65
1993  1823
1173  1762
263  1774
656  1321
562  168
1770  358
1439  149
1483  620
988  1834
441  669
631  106
1726  495
1975  289
1759  508
42  259
954  1019
1161  985
1998  309
1142  956
425  1551
1059  670
1986  1212
178  21
588  1914
1817  782
662  260
1793  736
1809  879
1194  1906
1  285
581  1072
1037  297
77  1671
1342  85
288  124
485  665
1470  747
1371  1071
1458  1629
1162  829
1602  1097
261  902
1750  987
90  316
134  1562
1047  1842
517  582
1764  866
1555  1797
750  1663
89  1972
490  1146
1906  1545
1834  1906
1408  756
286  1724
1905  857
1099  694
318  1535
106  175
1965  1027
131  736
1901  1762
733  1463
118  836
1209  1931
1243  997
966  64
1563  1211
94  821
1592  1968
960  1410
1255  1309
960  1730
68  728
1668  1634
1948  245
1654  183
61  1352
1168  849
1389  1108
1647  1692
791  654
277  382
1329  1514
1360  1982
414  872
1867  729
