5000
653  1216
148  1798
1857  1490
1134  1375
635  465
814  1010
410  112
1749  1221
1788  108
113  1361
0  166
585  699
1944  1388
5  1068
348  137
885  1987
1159  1863
562  609
1476  118
935  935
792  116
1365  758
1628  1828
481  1708
1197  1928
1012  188
341  1066
1898  554
1656  1636
283  1335
506  517
700  1042
299  519
1862  1274
1042  288
1545  799
341  192
534  506
506  1098
1847  1841
1495  939
1955  1427
95  210
1677  1103
989  1989
1961  80
343  982
679  581
386  1733
213  902
413  731
1722  605
1537  856
702  480
761  1223
1460  1238
1938  1638
1610  1343
919  1597
197  921
981  520
1597  824
276  1620
1124  1546
682  1456
600  1164
15  830
855  893
1804  775
1357  751
1632  1920
1528  1465
1773  759
1743  749
684  386
309  1103
55  1754
1933  1208
1962  858
518  435
1689  1093
1007  608
103  215
888  1239
827  1068
702  1570
80  646
1773  1157
1267  243
131  1621
708  974
586  1749
1077  621
1288  1714
650  574
172  972
1566  1677
1165  1868
520  1635
1803  698
534  378
677  1976
972  967
1191  665
1229  1570
670  271
1183  1289
1145  285
482  1180
157  1382
650  321
780  1710
59  1589
1554  594
1165  542
1971  478
1437  1858
1863  1268
545  1893
455  1089
945  1682
994  1115
193  1191
1207  762
1597  468
1844  1486
1025  1311
618  1185
421  1820
1966  1067
669  1924
1296  1652
163  942
512  479
415  1283
1809  1921
868  857
605  255
1829  1782
1013  108
1423  860
849  174
1602  1040
1339  439
755  997
1517  880
533  383
1073  118
384  1573
616  1889
426  335
609  978
1550  233
946  1112
981  966
117  1721
1073  620
947  330
1636  962
1125  625
1176  1920
649  420
1365  505
1308  1908
922  1215
652  557
92  720
423  1584
302  1568
1413  1491
1889  1068
1723  22
314  547
606  1119
1893  1160
1478  1252
1019  1307
582  491
1699  1868
1876  984
520  46
1684  1069
106  1755
574  380
1854  248
1022  1053
95  1702
399  25
946  964
412  1098
1692  1760
1012  1735
1269  490
1165  456
271  31
938  1548
350  1574
227  330
855  610
57  609
857  543
1039  633
1345  758
1148  130
10  916
1828  1103
12  963
864  1935
1672  864
542  924
1466  1813
1145  723
924  1575
450  1709
1479  1244
56  803
903  1500
866  1002
680  629
1878  1559
481  928
124  725
986  111
452  1077
1250  61
391  1934
569  1033
1357  1269
1838  1084
1747  1411
274  183
1325  1746
723  1554
148  1816
1744  1668
332  0
1020  189
140  414
1771  1189
1011  1986
1071  310
1724  1558
504  1892
723  394
1115  1767
876  398
1272  1194
569  397
566  1156
67  1190
768  888
1375  1887
459  914
1231  446
315  235
759  687
946  1591
540  1541
1912  382
43  1118
1542  966
838  1266
581  909
733  1665
1681  1670
940  1108
1039  972
203  260
1352  555
66  721
630  48
804  545
422  621
1187  1963
1630  1687
1880  1890
1638  1004
1541  1935
753  1600
629  335
1906  1139
226  1433
582  1800
581  918
1723  772
1071  195
987  1807
1067  695
1706  573
432  1907
1118  365
1873  17
1230  1179
470  18
988  178
865  1071
841  956
1307  355
1702  1292
61  1553
1128  1276
987  223
99  42
1997  1845
1470  189
28  749
396  1775
961  611
1447  1150
99  1941
330  199
1691  937
532  549
1651  1576
1225  534
1633  215
222  832
1086  86
393  252
1281  1831
645  617
162  1312
28  1038
1842  1160
515  35
1935  1265
94  1014
582  1790
1258  205
492  497
1751  790
304  1172
923  453
1530  988
1277  1785
768  933
1953  269
1650  1573
1251  1076
1769  978
1345  1680
1040  1545
1108  694
1869  211
774  1805
143  607
190  110
256  245
1100  504
1087  596
493  1797
745  906
641  921
1238  449
1772  654
1044  737
399  1503
511  1964
1424  586
1624  747
889  572
1143  1586
745  112
719  755
1034  1659
215  1715
843  864
1173  254
867  528
1910  1864
279  710
1194  1320
1999  1597
936  955
479  1109
945  1968
1395  1649
1352  1165
4  1942
1833  135
1710  1713
1663  1065
486  1269
1238  1387
92  1873
535  879
1942  294
76  1978
1551  1070
221  1977
409  1969
1991  842
592  847
1588  954
1033  193
1893  563
1072  8
975  580
1960  424
1638  383
1873  1883
867  1161
1870  1828
1057  669
100  80
993  1536
205  796
317  1594
421  1929
1708  1209
162  1640
1875  1100
1684  1526
602  1900
841  1713
1445  374
995  1531
864  1705
1899  129
1907  142
1080  333
1096  1442
1300  1850
230  1889
1805  1861
1795  301
1720  1740
1132  951
540  743
1464  1268
1652  445
727  453
1137  1766
1073  144
776  1133
1984  652
16  1786
1338  1782
1829  172
525  1428
1332  556
1883  1675
1369  1046
1077  1490
1516  243
1003  695
798  799
95  1664
1097  286
843  1408
821  1594
196  812
690  533
526  215
1619  1826
1264  801
305  1719
390  468
1326  1304
599  1038
701  124
43  1479
1795  1075
1994  1345
1692  1275
710  61
993  1453
628  67
264  1737
1930  1573
1548  314
1924  1437
1770  1108
1022  1470
1527  1340
45  455
721  381
1524  1923
1915  659
1827  1827
851  517
1045  1680
624  82
607  1666
1623  1220
1739  347
1167  1127
504  1756
205  1139
1534  1742
534  1460
1116  835
682  130
1709  227
863  879
1066  852
254  925
968  532
1152  1134
947  1733
1128  759
1983  1714
1556  849
578  1404
1576  616
1037  1124
604  1542
53  1549
1358  707
1928  753
1004  691
1615  1458
1133  690
981  678
1589  999
1160  1048
768  966
1909  1357
1185  1560
1620  386
345  162
364  381
470  1724
579  992
356  1315
244  1005
747  1525
1774  1442
496  44
985  377
1951  1406
27  1949
1579  299
1664  229
1004  14
709  1138
447  168
567  1081
1716  16
1813  353
483  1668
466  398
748  1573
1821  80
525  1040
562  1220
669  154
636  54
1425  504
1897  1037
487  32
791  1978
822  496
1893  231
1141  209
1532  676
1576  1896
1281  1663
0  1780
1956  400
599  1798
711  980
1346  441
967  1356
1627  869
1065  1542
623  2
266  1209
148  475
1640  1068
1998  546
472  498
4  447
508  554
1704  192
1369  1726
1415  1215
1963  630
1007  555
1295  1923
495  1104
297  964
1317  621
14  1672
1137  1954
1336  1881
1977  815
1215  1992
704  1067
607  462
1330  4
1918  1391
1189  1826
1896  1186
331  1330
1697  707
1276  116
593  1820
1940  834
1083  1594
1339  1525
456  664
867  1557
1076  905
72  621
810  1323
952  1356
1669  1505
377  736
907  1008
468  1789
685  1166
1875  639
1349  127
1170  136
764  1500
57  775
1833  512
660  327
376  849
1346  710
721  356
914  412
192  1159
1976  1750
1375  1553
660  858
1453  627
424  1276
1547  1811
1254  96
1723  173
463  1363
1239  613
838  1446
662  1451
547  117
438  672
1515  481
1384  348
1751  1504
311  1731
126  1176
1871  308
179  417
1812  249
1692  1271
722  265
1300  1277
621  1918
841  1467
93  997
96  726
1221  1342
1378  702
1430  1639
167  74
1534  726
1654  1329
1734  1041
788  1758
1153  614
1528  1166
321  1486
531  96
1187  834
1992  907
1628  1492
855  454
341  1064
178  1921
1582  1920
571  296
1580  1742
418  804
762  1444
199  20
1122  653
1013  1868
1376  1254
392  749
1417  1534
96  1647
795  184
559  1300
335  22
10  360
1483  830
762  679
469  1329
1555  748
756  98
591  1701
1526  1587
938  982
411  544
881  219
1420  387
288  124
582  260
1288  1350
1054  1559
1978  516
1165  900
616  519
809  1376
76  1025
595  1190
1366  704
1304  1220
1739  1223
595  380
1261  1805
157  1848
1  1119
1618  1220
1991  790
1833  345
1611  796
1510  748
1524  760
1100  1286
743  538
1372  12
1253  692
234  1448
1885  168
1377  1934
283  278
1285  900
1250  1612
300  978
93  149
883  299
474  1152
857  1661
810  987
590  913
914  1866
545  1813
868  243
1250  341
425  252
402  547
548  411
523  184
1318  25
1094  1043
1044  139
1966  1024
1912  576
1439  1857
1014  1705
195  344
1200  1471
1888  848
1094  727
1523  644
103  1374
1033  1051
788  1633
1619  1266
1520  1393
1083  504
1353  528
1397  1941
263  87
1695  1973
504  1553
103  175
762  1863
1263  275
647  1516
691  329
814  1720
1168  1352
122  1467
975  924
622  1810
931  1339
18  1898
1926  302
1196  1906
1359  121
322  1533
1096  709
537  1749
1393  521
1788  236
453  201
1586  233
1677  141
1766  687
189  523
1276  474
234  474
1224  1042
393  425
142  1608
272  759
1961  617
778  877
1513  329
536  110
907  601
1286  608
1984  1304
483  127
1170  686
1238  1664
1634  1515
604  1093
307  780
903  1625
1192  1983
1167  884
231  1474
1094  832
1146  906
1855  1336
813  156
333  85
1763  781
234  1269
1680  444
812  1404
617  284
992  1553
1440  479
1516  957
968  603
1685  1097
994  1122
1577  1348
1084  637
1487  564
560  342
815  911
1371  731
1409  1313
596  647
62  1777
1762  1563
483  423
699  406
1738  16
20  1198
1612  631
1399  1208
1478  595
301  884
331  36
914  1019
94  1571
567  1329
1341  43
387  947
100  783
1863  900
476  886
1392  583
586  708
250  1437
1657  1027
980  1942
899  1593
1790  1235
968  1753
92  450
1173  587
340  109
1243  1164
472  209
1840  1292
278  1614
1585  1190
934  1706
1377  1673
1957  1853
255  190
1296  1567
272  1586
1163  1358
1934  1387
1190  828
419  1585
766  178
1583  688
1832  1615
425  498
781  257
1062  1445
1907  1310
1840  462
86  996
1114  434
38  1799
635  1893
849  1350
403  1638
1774  1740
762  1862
1514  1064
369  1123
713  569
543  411
1848  980
793  1148
455  1440
1838  557
206  1119
83  1986
1680  1028
1373  1352
712  876
1347  139
1688  61
1686  1796
1777  1629
1754  822
739  814
1078  1987
1685  602
955  1899
387  167
846  1210
1490  69
1902  1857
1032  1202
829  1204
618  216
10  809
1183  1508
204  1428
175  849
805  1687
308  1011
1681  31
1936  1527
1778  701
461  104
1552  1552
1014  1954
1602  1221
1205  790
747  531
1442  1261
1265  1214
1076  982
1078  1939
342  824
500  846
1147  1190
1078  1066
186  942
717  214
1731  701
525  645
1423  1839
1218  1844
1149  1343
1267  997
484  718
840  133
766  1350
1261  1014
1954  1668
1881  1491
1325  497
333  274
1565  1561
694  942
1459  295
9  909
1223  557
661  623
310  1039
101  1309
674  624
1003  1052
1415  1706
460  1907
1459  332
734  457
84  1097
667  1648
1664  1238
1278  1619
608  917
30  51
1875  1548
1590  839
1691  1629
749  1912
324  941
303  177
1175  1326
1068  1276
268  1491
102  1653
182  1600
857  227
474  399
1735  93
536  231
1073  1164
955  221
69  375
814  1543
1021  551
702  564
1534  1320
96  802
1779  801
20  1927
520  200
1165  876
1660  1082
912  1400
1813  1830
395  723
259  1127
1970  1269
1478  744
800  623
629  1560
932  1003
584  968
1328  1553
885  1195
1146  559
317  593
992  228
450  679
1837  1313
600  885
1027  683
891  224
979  1761
39  1230
1424  1829
684  952
741  1388
1030  1688
1322  391
1012  1024
1871  1067
924  86
55  1845
1963  323
1513  1556
1043  707
774  1972
1047  1210
1767  1304
279  840
994  615
703  1322
307  292
455  812
1690  863
404  1985
934  975
1584  464
1714  810
1843  38
1353  1639
399  1408
683  1546
1340  1988
1148  953
131  1480
999  677
994  1669
309  605
672  1648
620  1559
330  1693
929  347
80  1087
655  729
1504  645
1844  1240
1349  933
1410  210
421  1767
1556  1358
145  1321
771  1961
1195  1499
1160  360
755  1752
838  917
1204  956
1550  1
1478  1889
1040  613
1753  648
317  622
1774  1919
315  1904
1695  599
34  524
1857  154
1974  157
1808  909
1333  627
812  1558
1410  440
1105  66
1779  1312
669  1830
573  1166
1549  1715
1067  1430
717  880
347  529
165  1789
1866  1146
167  399
1137  415
1150  630
1923  1935
720  1256
8  1869
1281  322
1685  910
103  1000
1511  226
1573  732
837  1740
1022  1741
1715  1228
1782  493
1642  391
866  599
28  579
165  1980
422  352
1877  512
1425  1770
1175  1246
487  1273
1047  991
427  1949
1723  1867
807  240
1170  783
1307  567
1108  1236
802  814
1123  1777
458  160
1574  1290
1252  216
1767  522
280  304
1538  1174
1281  1283
668  991
87  691
1146  1161
1414  103
1001  1454
210  7
179  1911
597  1583
1094  58
1235  426
1223  284
1560  157
1248  450
1917  118
806  519
1708  161
1770  1846
192  1285
284  1477
1085  696
587  1909
446  29
134  97
978  802
1273  591
713  383
977  739
1510  1874
503  107
430  1637
1965  676
684  843
687  1414
1009  903
845  130
317  608
627  1469
482  145
1043  884
276  1535
257  434
309  664
412  692
1197  1153
205  1900
1998  278
1055  1786
1556  1373
54  1415
1545  833
298  1872
1289  1084
1967  1684
1700  1182
1184  969
38  1468
1098  1796
334  624
230  792
229  1753
381  1313
770  713
628  774
1498  633
1881  162
1065  1275
979  504
598  1495
552  1198
1977  273
512  1787
1082  936
1126  1530
446  794
198  1918
853  488
390  278
773  1902
1160  644
1774  1767
1926  1748
1988  1314
1313  1213
1310  147
1433  589
831  1740
612  1039
1740  1308
775  919
1509  1469
1750  1489
339  961
79  1463
440  1076
1390  139
349  202
1777  394
925  1217
1466  1426
854  1654
1422  1631
475  1209
679  1331
867  905
600  594
870  1427
148  453
1637  1997
1073  973
1152  1172
288  447
1200  268
1742  818
1312  126
1208  1092
1080  1473
1993  179
0  1958
1127  328
1246  1753
696  868
721  1237
619  629
415  1024
1200  402
83  1798
161  670
1972  1189
1500  1915
1708  1748
1747  1179
1137  1129
1096  1658
752  1358
963  874
1686  1506
926  1491
1992  1831
463  65
1497  1905
575  220
1098  1935
980  413
414  259
333  484
1112  4
1540  1329
672  1801
1944  1215
640  237
168  576
940  391
1440  71
1550  1800
952  1039
1152  659
1532  41
820  864
356  447
1806  1958
168  1947
948  211
1111  146
723  1388
1569  1703
803  1403
287  276
1197  417
647  1429
1822  25
67  402
68  1693
1577  760
56  1060
1988  1905
232  1586
704  944
1565  557
426  1032
1681  120
1163  952
532  598
1624  606
1811  405
1731  788
518  391
998  729
1159  705
391  1686
831  1729
1710  1370
1226  1625
1449  1477
748  1268
489  1105
114  725
999  1143
1301  1933
1795  1506
258  780
769  168
1134  1369
759  229
250  494
1001  556
1457  1751
1030  872
409  538
1118  988
238  84
1069  1715
1531  1830
1177  146
78  367
1049  567
1711  633
654  357
1738  1457
919  882
1175  722
576  1329
1795  211
634  220
715  770
653  1793
262  1391
1420  273
1978  640
1594  1446
945  151
1944  123
1980  151
230  1584
1081  1662
918  1351
1077  224
392  1686
1653  1208
904  618
1043  394
439  902
1096  285
195  1346
1448  1671
433  799
379  1306
967  1464
1840  1904
456  1751
1537  472
650  816
1183  1870
691  1359
847  746
1653  1924
945  414
846  1682
1121  522
1476  597
1786  647
1318  1251
387  1920
834  1514
883  1435
304  326
452  1664
44  320
1279  342
1953  182
1514  1069
420  234
256  896
1595  185
1575  494
336  651
1396  659
592  1146
1055  290
22  563
1099  340
408  1054
1215  1677
1595  82
1106  1992
481  151
1517  499
145  712
1588  1061
1367  1185
1519  622
816  635
1927  94
324  1688
1833  218
1871  384
686  77
622  1564
1117  101
1237  1742
1719  1037
1874  1175
425  866
571  1703
475  1767
1593  1808
668  1641
1805  1293
1863  1937
783  214
1277  175
567  404
1194  881
365  1416
1090  1098
1736  284
609  1775
230  600
1138  894
1475  142
1383  832
438  459
1912  1922
1710  1203
940  522
1662  773
1201  1665
1788  1856
468  452
1112  1017
1291  867
421  10
1853  1830
973  498
1366  1818
823  16
1539  1119
692  1874
654  1895
1288  1356
960  1606
248  267
386  559
215  1439
1196  1819
923  1391
811  973
1158  585
1673  1911
904  1590
1598  1263
1746  993
275  1183
838  71
345  1963
1936  78
866  1765
520  620
453  1933
1269  1785
1079  1688
767  1710
820  273
1428  397
1756  1814
1858  1085
625  1492
431  97
522  1725
1102  178
682  409
1493  1914
945  1130
1383  1165
138  233
1118  30
230  1556
1169  1516
384  1780
653  1390
1869  451
1476  743
424  757
1150  774
570  624
1736  227
1995  438
1455  1375
273  1980
1310  1579
1039  1270
646  775
1345  1660
1741  631
977  1467
488  1951
495  278
1623  1253
1511  648
310  471
995  988
686  1683
103  247
1274  1108
1669  207
359  1242
13  126
842  1936
894  1967
1233  941
544  278
1424  388
1628  1418
1717  1932
478  1423
927  1785
1254  1399
69  1976
1334  1502
1126  138
384  1603
737  1159
735  874
1391  946
1740  1947
1138  485
1512  926
1328  1674
297  746
804  1292
1803  1645
1002  1224
1830  42
996  1925
1842  294
1958  1835
1105  913
487  687
1129  515
1084  38
642  1073
224  496
528  748
1340  950
1172  944
320  1356
594  679
1175  1722
1903  408
392  1712
153  1226
547  1954
951  536
121  551
1861  1892
370  867
75  883
683  1852
1865  378
1414  191
957  1491
1904  154
1192  1849
963  1038
1568  1012
217  306
408  1965
908  1151
1031  503
1069  429
1890  1638
351  1653
159  1060
1958  662
1726  1215
1633  1321
1130  1368
1745  305
1450  702
924  116
1320  831
1462  1080
632  961
1533  1980
1751  116
101  1979
535  719
1948  712
666  289
1013  1460
1388  6
1446  1245
1051  1499
207  443
1316  1780
1176  1087
269  1275
144  1047
1689  632
1843  777
1938  553
1583  579
1085  1
1991  239
1602  1300
222  1677
916  1702
1060  1351
652  1941
1283  320
916  815
180  1863
888  1536
826  1544
1980  1140
464  1898
422  1340
76  1056
11  1260
194  1166
1678  1752
1788  824
1679  1049
819  455
159  442
381  273
1658  888
1191  523
1951  635
1179  1502
1971  747
1249  176
244  1469
1830  591
1942  1171
1898  1824
854  701
1079  1735
34  1102
542  1432
606  64
467  191
1197  750
449  194
662  1944
216  1063
1132  1299
782  818
325  1457
650  484
595  1927
1850  1693
36  1275
414  1788
1128  244
684  1013
487  1299
797  290
473  1441
541  724
779  262
1565  541
997  569
1398  681
1904  601
1427  1298
596  684
795  1005
408  1486
607  773
263  1688
1677  1673
1183  1127
597  38
812  947
852  1848
27  1795
808  1483
1016  1305
735  1496
774  953
231  1342
527  1046
1513  952
490  1628
18  1796
245  484
534  688
435  1917
774  854
729  1232
928  1704
768  703
1983  814
464  82
1335  185
1526  41
797  24
944  34
1115  1350
1920  440
1419  399
620  1488
1654  277
1817  258
835  1711
158  1608
33  683
31  766
1579  383
8  1155
562  331
467  429
1073  70
1658  1751
576  119
1439  7
1624  1877
405  1303
1760  165
1539  1317
845  1186
166  474
1917  490
732  716
1492  143
706  284
796  300
1  1159
1430  1852
712  548
1287  548
128  1348
1034  821
12  1311
1637  580
199  12
874  1065
1488  326
237  1640
1353  1637
1256  1218
70  1443
725  1122
959  431
791  388
604  1582
368  680
167  2000
139  274
1931  316
1017  460
337  694
1096  842
1056  74
648  1882
821  1346
1115  1043
1260  117
65  804
1315  528
1001  937
1541  618
626  259
1811  1346
1991  1171
167  1038
716  1578
1998  7
145  487
53  260
410  590
1005  1644
569  693
730  1954
1162  12
382  730
227  856
417  1500
1510  1217
845  1841
1366  1092
81  1286
1626  13
1613  1429
1027  1412
1102  83
1784  1615
1801  317
1580  1125
1852  263
1114  454
1265  766
1304  1128
1672  1133
1072  1243
1074  1110
1951  613
877  416
984  895
1941  770
749  553
1793  1414
855  1247
201  1546
1046  1239
641  866
691  1851
1313  349
1222  768
1533  1332
885  815
1747  587
55  1112
741  86
210  860
1520  321
1788  300
1169  646
1801  1471
835  1013
1083  980
510  1732
1921  24
1308  141
690  1511
1033  583
1832  1457
302  1034
1551  1607
1432  1936
1472  1884
273  1293
811  1084
1226  1573
735  1557
1847  1281
1050  252
99  1295
1280  1600
382  34
326  1285
1212  14
1624  1409
190  1010
1312  148
282  582
1318  718
499  290
432  1669
1603  1751
30  636
1043  813
1555  946
1491  1066
1488  1469
744  1709
379  1593
1566  406
1160  1272
741  394
1799  32
680  805
377  399
1979  1184
477  953
1527  99
1008  189
943  1340
543  682
1540  1140
1066  1178
466  390
174  858
1965  606
1242  1077
944  1141
678  540
1008  1424
929  306
1587  511
1992  1925
1540  321
768  319
191  559
1566  439
505  877
1778  545
1690  1999
1358  1786
450  1446
20  635
1612  390
1327  581
1320  1183
772  199
913  988
1274  1247
19  1089
634  1021
1672  1295
430  40
1207  1165
1286  1459
1758  1511
1365  1673
268  1522
1594  842
327  1480
255  2000
983  355
254  906
163  1100
1812  1158
722  52
1620  288
1445  1048
1851  1382
1857  516
1655  1504
1409  1834
88  1877
111  1312
71  1166
1677  501
1648  1861
400  507
1921  1382
1928  893
379  650
290  1045
190  493
1594  619
293  1717
1832  1282
50  905
1336  1226
1150  239
1859  1357
2  166
535  936
314  335
419  1162
675  1323
1316  1695
729  1953
282  1601
1715  1780
771  908
1707  1554
981  345
1133  1487
510  677
149  518
1312  1912
1081  353
183  6
321  1063
886  1932
542  903
1873  1882
1962  228
373  705
765  1817
513  1679
336  1058
935  61
1663  319
964  1773
1725  1309
464  444
1303  477
290  431
1667  1307
1451  1683
1110  75
322  948
1432  316
1396  376
1022  845
341  1702
1571  1971
1914  87
1250  1570
1042  995
1678  557
366  1151
829  1871
440  357
947  424
1116  307
1300  1000
399  1495
1201  523
533  172
316  1600
104  354
1627  1114
1523  501
763  1205
1400  346
905  1048
191  437
1033  852
1953  533
524  1111
1890  414
289  590
1265  199
680  1334
291  1475
1390  169
1634  378
1439  1970
718  989
1646  189
988  16
522  472
1469  1457
1594  927
739  1387
1121  971
1325  577
97  500
866  897
995  237
265  703
1473  185
1766  1317
1761  179
540  1676
1738  515
1064  1854
1627  98
1663  737
1708  73
400  1098
163  207
833  343
49  83
407  1265
1113  581
886  1453
705  409
897  1743
1511  1034
187  188
1565  286
815  1198
435  143
1792  1392
1113  37
1788  1568
331  285
336  617
1658  325
1996  1190
1619  1276
487  1854
1957  1244
161  298
118  1205
1459  1412
1173  439
133  1287
1192  744
281  545
1431  1872
1211  1450
889  801
969  91
427  854
1013  1482
682  1171
1212  187
1012  921
1960  820
1870  660
1530  1751
339  1221
1867  447
249  135
1901  458
127  1698
1390  635
1934  1175
994  1602
787  425
65  1903
1369  1785
1879  1121
109  533
1711  685
197  361
460  869
1558  523
1867  100
1202  854
217  399
1495  129
1867  195
1119  1884
162  1534
577  481
1276  1300
1747  1039
875  159
42  1103
615  736
1522  1421
848  1808
757  238
1136  1674
403  515
141  141
1553  1254
868  1225
1536  220
960  1704
1921  1657
166  1591
357  577
1981  1367
1461  993
367  1085
1373  1318
830  671
1915  457
330  1761
1399  497
922  195
448  1003
1492  189
1362  866
1525  322
317  1644
589  251
1680  1330
1254  602
560  3
1850  1200
839  1125
791  377
865  1828
175  1118
571  1817
179  1673
1077  1531
1340  1907
181  61
1336  1874
143  623
1224  714
1622  1519
1077  506
1887  1989
377  958
1817  1053
299  1059
953  1212
1988  1372
465  743
1678  742
1667  1628
710  1907
348  705
764  98
956  1516
1163  1536
70  1588
178  25
1494  1313
857  643
1591  611
375  620
42  1929
961  1249
654  1946
249  552
551  63
294  1152
353  1469
1980  505
182  1598
317  995
160  15
446  816
1357  1003
144  505
1138  162
866  1971
1394  905
592  1402
407  762
897  1198
1771  1402
643  345
1869  691
160  164
323  790
50  28
778  1887
164  1492
1011  1495
421  1064
1198  953
546  231
951  1339
1041  760
1509  1819
504  23
773  1150
224  1888
750  1213
978  1149
432  1447
1887  527
459  1036
1284  1625
975  218
1804  1526
357  1101
1932  462
97  369
1189  1802
909  1192
1384  1757
1557  107
154  1156
1576  1335
1539  238
980  626
1109  608
1193  1853
1789  1073
981  65
963  1079
965  579
780  80
1123  19
1828  109
682  444
970  375
650  828
1842  1082
1215  1352
1525  1674
359  1130
284  599
1196  1964
993  1795
743  410
917  1753
1577  512
1762  848
1413  283
811  1681
665  1287
27  1571
22  345
1839  91
1883  58
823  430
1429  1758
1404  946
382  405
756  525
1989  103
1241  617
1466  279
1115  1042
1216  1165
1822  1355
929  462
826  1751
428  1969
1231  600
448  1759
1542  1972
1115  858
98  1382
438  361
397  1174
312  1559
483  667
340  1398
347  1010
1094  1908
87  1395
360  798
1396  385
144  1649
440  29
364  1312
394  862
42  419
335  1340
1286  1221
1358  1704
1244  855
1386  197
1459  1110
1050  1318
1483  356
1894  386
1625  328
1248  1866
204  1535
971  1058
112  836
874  495
1411  1902
588  1246
862  1373
749  1049
82  729
784  738
520  471
1915  153
274  1598
379  792
26  1871
1425  35
1561  1613
830  1071
942  1332
644  1584
863  785
1236  1788
1682  1186
1792  791
1421  1121
127  1503
1502  522
253  1464
1455  1269
20  1563
47  615
1655  1337
1169  738
363  1304
29  1878
103  878
888  380
469  543
262  805
1284  1624
847  465
1955  418
905  539
1663  272
27  1720
1479  850
781  1629
1987  634
366  258
1527  572
1671  423
1753  1284
1912  371
1330  434
1274  775
917  1631
407  1022
1517  387
1512  1004
1853  598
771  1829
1292  1314
719  1203
775  388
1179  125
445  377
1427  1007
1526  496
43  1975
475  605
214  449
399  591
1630  908
527  1487
761  114
424  1536
345  1772
730  23
1411  782
209  97
923  291
1069  1272
1445  1422
93  633
1401  102
358  1308
706  1189
1512  911
1494  392
1455  299
617  88
1019  1759
1356  676
1491  1833
485  1519
1160  1834
1523  1337
1140  1438
1480  1759
1034  274
1970  344
613  1763
1808  1230
1226  1980
941  297
1049  1746
938  664
1271  1077
1437  1574
935  1689
1343  960
63  1021
298  408
591  389
1079  764
1525  1034
663  1481
1060  1188
465  1199
447  67
458  1256
242  1988
274  1689
259  1546
1730  552
332  157
1906  1875
1414  1458
1304  1418
1771  1188
1046  1470
122  1867
68  1481
1154  1897
868  1185
519  359
567  1445
1567  1138
1569  1539
1671  382
652  121
659  1126
364  1300
154  366
727  1212
146  549
152  484
1794  1435
455  1242
115  333
1349  526
1385  997
1852  649
712  1252
272  1639
695  1665
126  958
606  706
941  1359
394  1555
841  691
38  715
133  99
8  1071
1  186
932  1300
1303  1085
1176  568
780  1323
140  1663
8  1676
667  1995
1466  265
1647  1662
154  598
1393  552
210  1118
856  236
1054  1764
229  90
1866  528
1694  1535
1904  1994
1938  1299
1215  1084
1730  697
184  794
938  598
1316  538
1253  1043
1835  622
1352  1875
335  1160
512  1897
1940  1377
10  1235
1768  899
1997  1460
945  1121
1672  474
1622  1614
1384  1575
1416  1730
205  585
1068  1183
703  1613
996  842
1296  1893
1343  362
1688  1217
19  1285
918  1315
1414  1174
1047  106
1509  1016
630  180
246  512
1196  98
838  952
1903  901
1452  21
940  1898
1968  626
1743  363
628  1806
123  1214
275  1594
10  695
1770  1844
1998  1166
261  1114
1620  1404
723  757
687  650
695  1776
318  1196
491  1497
59  241
1732  249
1043  503
259  1896
1371  1547
1677  1710
1785  805
1461  1030
955  439
1991  81
678  1315
1802  341
1994  1309
326  1304
1723  1807
27  1776
1511  1093
471  1352
403  476
1462  880
396  39
594  224
1984  282
1349  1027
271  1117
187  52
1708  1614
1939  651
309  1315
472  895
284  1857
96  1659
1086  884
290  172
945  884
987  1383
1409  913
182  357
671  801
520  1379
1552  430
1651  585
1164  1015
190  1096
1916  1219
252  263
609  592
1362  972
1627  1978
1035  173
1310  975
872  241
515  124
138  1491
275  1348
490  491
1086  1845
473  796
1699  102
1955  1283
1267  109
1196  88
1156  499
1455  1494
1206  611
790  1082
1509  1759
11  1908
1087  459
311  821
593  1206
145  288
1330  1809
1120  487
1481  532
407  7
47  1628
1922  1502
7  736
1298  1346
880  126
889  725
803  1113
1083  1090
885  295
1791  1839
735  738
1605  1930
1818  1497
1040  960
1140  1331
1443  305
1881  1419
1058  978
1204  1419
70  1943
1178  584
498  265
726  922
146  1878
834  882
343  891
257  1244
1170  1960
1596  833
749  366
573  1545
627  638
271  1742
834  1062
945  374
1564  216
411  1018
1505  978
179  693
1252  815
99  406
506  300
1048  317
886  1147
640  1533
1632  925
170  1620
1751  648
226  590
1485  883
1456  1239
929  1585
420  839
1095  1491
262  1191
6  706
482  1511
1939  1522
1628  213
1996  1456
1006  1617
307  673
697  842
879  1899
1110  1045
1070  249
1088  373
1545  1753
1159  729
1002  1829
148  1918
1169  1775
98  243
1849  972
1359  1331
540  254
1062  297
1296  822
1754  106
213  845
1285  274
1644  1441
133  1182
668  714
534  397
1814  60
866  833
530  89
163  1068
610  1830
1971  582
1550  221
1227  1657
1511  123
1510  992
62  397
857  205
1958  1305
443  1564
680  327
1689  886
600  1370
195  41
1346  335
1916  1487
1187  1155
963  462
456  126
281  1840
833  545
1822  1760
187  15
1527  494
1588  552
1723  263
1137  1211
301  965
1112  1065
906  519
379  967
1821  1931
1835  812
242  165
46  827
260  1630
476  262
1772  1847
324  659
1875  1339
1066  1411
1692  1360
644  769
1008  1792
1081  1226
1160  198
195  1693
1615  1443
1403  387
890  1110
26  1191
1794  1557
120  1787
22  1570
811  245
1325  370
322  735
1746  1254
203  1925
561  1169
204  351
1317  1826
1301  1574
1198  1029
1273  772
1324  1674
374  104
1433  571
1130  1380
911  764
640  537
1469  985
701  1035
529  1518
1877  1432
947  803
1981  1654
537  1429
679  847
354  332
1891  993
310  884
1545  852
1669  1608
1827  312
1867  448
1419  406
1521  963
33  580
572  572
1751  1029
1269  842
1360  1700
1023  22
1247  928
1156  1906
1750  1597
347  1837
1375  705
1700  1660
1540  1636
669  1371
1283  1674
387  1554
1512  1007
146  393
211  1310
1990  639
1493  1402
1116  1109
1412  695
1398  939
1665  1571
1589  1570
1058  215
839  1437
650  309
1199  790
941  876
336  1837
1366  1358
1958  1865
693  231
304  696
172  1929
1936  1903
1370  480
1811  1300
1473  570
1850  1282
1999  688
586  1525
185  1968
1703  1729
524  458
153  973
1588  1873
110  1572
1644  90
337  835
1504  158
317  634
1407  1317
1904  700
1996  1953
1084  978
320  750
73  1464
1341  1390
1680  1212
1218  1343
705  1671
756  813
1579  1194
1941  798
1329  1120
1602  117
1186  1931
792  986
989  1171
575  1431
1126  794
547  1784
1275  1254
1141  1607
387  828
426  931
1431  442
1619  1355
472  23
894  1818
599  4
902  1226
1021  244
1206  1700
1106  1070
602  413
1305  1153
1684  1460
1982  28
859  1821
769  1112
856  635
1528  344
389  1619
380  1230
1399  358
518  1245
1499  1383
1111  1382
846  1891
1908  1980
1220  1942
1972  171
1780  845
1406  607
1201  824
1722  1154
1455  1562
1087  1991
1523  1020
1384  1020
1846  991
1211  1185
531  1218
248  1091
1718  325
1302  173
1392  1640
48  384
321  839
1368  1081
1266  1379
709  873
394  459
964  418
901  862
1056  994
745  395
921  1585
620  1819
1797  1502
1130  790
1570  1588
971  595
666  1575
1853  1476
1550  1358
427  1642
807  1717
817  1449
820  386
1013  1146
1572  495
302  396
906  697
1180  1315
1518  1799
354  22
1929  375
1722  1991
636  597
1835  1990
215  496
1625  277
1893  408
489  834
1299  1133
318  1679
1426  1173
1685  141
1731  168
689  423
1613  504
1691  901
534  670
1641  63
1350  905
1161  531
640  1266
888  1413
722  1379
1549  1389
1363  181
1939  106
28  1572
933  34
711  124
1433  127
275  667
1955  204
1452  693
405  1076
778  880
428  913
211  727
481  40
893  1364
874  877
428  802
770  1790
550  1716
816  1695
1909  1476
1355  423
1637  555
1433  258
1411  1417
1139  1529
1143  1698
1042  1421
354  1388
647  1745
934  1811
1479  1184
1904  1863
193  1048
8  419
820  1903
1864  1230
1313  1225
1195  65
822  319
818  1832
1163  1771
991  745
1156  447
111  467
454  371
178  661
1061  961
771  1924
914  48
880  289
1263  474
683  1917
590  1500
1467  1051
505  716
986  678
1488  1706
1208  515
1025  472
552  1250
789  1355
818  248
1464  1289
1447  600
1473  799
601  113
1400  1693
463  1933
1989  932
542  1764
36  474
1887  1793
584  1913
491  1820
1460  399
127  1854
1692  88
694  1768
68  953
1893  987
1057  541
369  1952
631  1772
298  1981
507  740
1190  1855
73  123
1995  946
1628  947
351  659
808  1597
1981  292
1210  381
1943  97
121  1522
867  460
1471  1950
1577  736
1264  1542
1684  986
152  405
384  1402
1587  1333
1935  806
1936  1286
407  1373
520  795
297  523
26  1640
1038  1909
352  412
676  1731
1374  1076
1042  734
1207  1330
647  1435
711  1765
1223  823
1448  626
570  54
1322  1351
102  507
596  429
599  453
794  396
34  41
1643  1323
1497  1746
1568  1076
1651  1281
404  1274
1949  1657
741  1507
1082  1959
1805  428
1446  1040
124  921
156  1377
1068  366
906  113
1962  787
1230  1381
715  664
87  966
1001  1935
1031  166
305  854
192  865
1049  929
1361  1262
658  857
120  343
1624  287
1502  1131
1342  1222
1182  345
689  244
1245  1090
1358  1781
1290  1052
1603  647
597  1679
220  837
1380  1435
311  1765
437  1313
641  913
1479  1446
1968  955
420  1197
111  1575
410  1868
1779  1156
1789  1943
1809  585
404  1753
785  594
262  1586
245  230
1168  394
1112  1424
508  398
619  887
966  1106
634  893
1935  931
1029  1734
1438  1313
250  528
1152  939
1615  1200
1561  1953
1042  711
1082  1966
1683  1822
110  1991
350  1788
1113  599
1907  1212
634  308
1908  519
1723  1251
139  188
1336  459
660  1433
1445  372
1381  304
1169  1199
152  408
1125  982
1058  1745
1471  773
66  911
1064  1800
1534  1811
156  1331
11  1717
1027  61
1163  738
1780  1660
1233  42
724  1350
211  874
144  688
261  86
1532  353
519  1154
1145  626
651  290
1196  1665
238  967
1004  91
355  615
248  1795
421  532
855  1684
166  1931
24  1585
1533  1538
1072  938
1742  1165
942  1884
1680  474
504  402
1362  1831
483  646
584  1655
225  629
692  899
1586  1336
819  1420
605  1949
1780  575
847  402
794  193
681  1058
1755  1553
1167  552
576  493
127  1268
1112  328
324  1394
920  61
764  587
476  1790
1236  289
13  39
796  1748
111  1738
314  1710
1047  650
126  783
176  1462
61  1128
1108  57
547  208
484  997
1887  1581
1438  376
749  144
263  1227
1629  1739
1798  632
996  1690
1275  829
474  1979
662  629
1705  91
1329  339
67  954
485  1501
709  1391
513  724
372  1991
1356  346
217  1591
1925  147
1716  692
879  1992
892  788
1227  1840
1472  1938
696  313
904  1971
142  893
503  290
1889  1771
111  998
86  264
964  1523
494  154
1056  1719
498  1842
359  626
1344  1057
399  1928
996  750
480  1504
417  1643
17  1511
1911  929
1808  1454
885  1608
876  1883
1813  1508
1209  1916
1836  236
500  1448
10  858
834  530
1865  52
1596  1031
1430  1157
1325  1482
1613  1890
1315  1686
1938  1941
952  1131
1605  544
1921  1510
815  728
1233  1840
966  662
1051  928
1869  448
1859  1227
1096  892
110  287
800  1332
1905  1141
79  528
358  1404
1248  1821
1529  1980
1216  1521
930  627
1523  199
1155  1625
1586  811
1829  1048
768  1388
1406  1809
1076  388
1711  1523
1342  1836
916  696
1584  1466
60  258
376  384
1411  226
1620  1368
94  1462
571  891
1425  622
695  917
535  49
1569  1689
1255  1623
1241  711
640  1399
605  903
270  577
1993  697
421  1734
1627  568
158  90
185  120
37  1769
1204  286
1375  985
704  1106
560  536
1857  462
1863  905
1676  561
409  1769
930  1089
755  593
124  1192
1179  270
741  1189
805  747
1971  564
1862  1705
342  1621
724  582
1745  1917
976  1119
45  1371
786  873
1923  1982
1182  1700
413  1677
860  420
1044  1195
1512  535
78  1666
1880  571
1784  849
1695  621
1559  207
605  495
599  1289
307  1483
818  1930
1723  849
69  470
1178  1313
1163  1856
1400  291
246  677
675  1220
164  1389
472  986
1851  1969
1353  674
1330  1982
1036  1882
1835  875
1345  1455
1870  487
1841  791
366  1270
354  267
220  709
378  1507
1917  1328
436  697
1219  247
988  540
1671  772
624  161
714  287
139  970
980  1782
1604  43
98  1855
567  1948
468  524
1229  1537
1875  1171
6  1981
1870  801
64  326
1661  924
1194  1603
753  65
1367  1738
1286  111
1306  313
797  497
1061  1698
380  352
903  1693
862  1065
169  186
1770  1941
1334  1480
1671  720
1789  1670
100  1591
142  1109
1162  1006
506  174
565  1699
1770  1321
1801  130
533  865
739  1509
478  1248
1024  117
1141  1938
1951  1720
1191  1994
1147  1856
397  357
768  1831
142  985
82  849
477  404
457  1904
423  1007
1514  106
551  1146
1900  29
1676  274
542  678
1400  826
941  21
1404  1223
1235  731
1311  411
451  1326
864  333
315  838
1730  580
1355  1812
406  1573
573  1219
1151  1709
1118  1824
985  464
523  449
1057  394
1742  46
400  987
597  1475
1657  53
541  1536
903  315
382  1128
15  1329
1112  1250
758  169
494  1940
405  1407
1574  1365
1941  1742
1671  88
1709  557
1864  644
874  123
1288  125
621  1756
650  1339
1586  309
1229  15
1673  1357
1681  1257
401  1588
1623  1877
791  1745
1980  366
477  863
641  721
422  1345
1912  1114
1201  1407
1114  942
856  1349
1884  1002
79  1542
479  1114
766  1432
1093  408
1252  1384
541  960
855  137
482  984
593  1107
471  704
1889  1047
1258  1151
1607  1397
1804  591
1833  525
830  1291
1786  922
1499  555
648  1496
1384  1182
510  597
278  1643
1766  299
1570  1962
430  351
88  1526
746  1228
1850  552
1667  756
1738  363
154  1337
910  801
1527  775
984  1032
569  1683
790  408
166  1285
1792  751
1441  1890
1328  1236
1043  1138
817  411
1807  1893
424  1791
665  175
1907  929
1413  368
938  1451
1475  1015
1784  512
1147  98
183  766
834  1159
1684  752
1004  1027
143  1614
312  794
1599  115
1030  1778
92  596
501  649
909  569
1319  1150
1721  329
168  1059
840  209
676  1580
1679  485
915  1743
918  488
250  405
1541  76
1299  474
597  140
1861  1616
674  1363
959  1894
1455  1173
913  1096
592  312
806  753
1128  743
111  389
2000  722
1288  1874
1018  1288
483  986
114  1565
30  205
1335  1765
1587  1794
1194  707
187  33
1215  1835
871  720
379  885
776  1007
938  983
182  847
1487  1348
1174  1770
241  929
1953  1991
1690  255
1400  444
1106  58
1245  238
1871  1544
81  1119
1202  1981
306  152
532  1985
1639  1631
224  1641
1549  955
416  1023
1065  1382
1  1438
131  1342
644  34
1678  1562
1635  277
1383  1696
572  1041
1381  1485
1942  1017
914  286
1049  1758
1934  1108
54  1628
110  1377
905  101
11  720
244  1080
669  1707
762  1806
1883  922
198  694
656  1069
1440  1143
416  106
167  356
605  1326
1258  983
399  873
1020  1656
63  1108
98  386
1741  1155
546  29
1984  1545
939  1070
1944  935
883  592
1731  115
1057  764
617  562
1975  741
155  83
1929  754
1918  262
1419  1547
50  1190
1106  1250
1605  1720
709  1234
1128  816
750  1120
1143  98
1995  743
1875  214
516  260
1860  1402
1694  182
998  94
1693  1709
1609  628
723  904
803  1628
376  1394
1265  485
1330  1887
926  314
1343  1468
1487  1476
736  911
1752  1901
1068  772
1496  1682
175  1301
332  707
1709  74
1326  199
290  1569
285  1592
385  1308
526  16
916  435
1468  897
637  1209
1410  1528
1306  720
1280  1249
1764  1185
1775  448
701  1564
649  946
1992  260
1590  876
1135  1776
1823  1578
859  111
415  79
1597  1126
1880  402
646  203
877  1694
197  148
1587  967
1638  995
1009  323
29  1169
290  210
825  941
1360  279
392  772
583  1865
125  1804
225  820
960  1793
640  965
847  955
1935  848
1844  1776
1201  446
279  738
1473  800
1010  1486
1502  1314
1230  1847
254  1476
273  1280
691  498
986  1138
1936  236
659  1020
1664  926
39  28
1157  228
1752  1474
309  1105
404  1366
445  1686
1578  1961
193  1525
1115  633
723  205
1557  1588
745  698
76  1021
864  1875
536  1907
269  807
780  495
1904  1215
566  1040
1150  1243
1273  690
1565  1518
1823  325
366  989
1853  722
1178  992
7  453
1194  1872
431  172
1565  1887
1218  700
782  796
1185  1736
1260  1066
820  332
237  287
39  517
10  946
129  357
1570  1360
266  1615
1768  288
809  1020
65  155
1299  1812
851  1215
1055  1542
1667  1087
442  1782
1434  5
526  1330
847  80
438  701
799  1376
1140  245
1010  1008
124  432
450  1107
1821  57
1846  1443
1177  1303
1818  86
637  254
178  30
835  1084
1979  247
575  1919
1616  264
629  45
1183  1488
1671  1985
1441  128
1774  1803
1440  484
1297  149
1458  1975
404  1875
1092  1954
1040  875
1350  1652
222  1694
1719  1238
1712  1017
807  921
473  634
506  1120
793  174
456  646
271  1350
522  866
1333  931
1293  1486
1603  1201
389  1824
1413  372
1829  1268
1354  640
1701  1730
1760  114
1656  1345
827  1088
657  129
818  1718
1815  499
381  315
1454  1790
412  1877
783  1820
432  195
998  1201
738  502
1900  1194
151  147
1773  1150
1673  625
315  659
269  1150
1084  1279
1173  769
1771  557
412  1269
1828  5
916  1991
582  601
584  168
1487  1932
1345  249
1887  1936
1729  1581
1081  1966
1856  1695
800  1514
765  10
669  266
492  1540
1676  91
884  1181
1218  278
1236  543
814  701
298  213
1066  407
337  1211
224  1065
644  445
878  687
1460  1958
1030  502
1207  1851
914  255
957  1056
102  981
1826  287
1100  306
727  1177
299  1739
827  594
1639  16
1588  1182
207  281
1140  1134
1234  277
1479  1658
1855  987
993  517
1661  1893
1670  576
177  724
1697  759
1151  89
1853  1758
1553  989
1827  453
539  389
1710  935
1803  7
1786  1997
1774  422
306  921
571  1482
114  1456
776  327
2  1351
766  226
258  398
1779  115
676  185
808  1368
980  1811
448  777
141  1628
1961  1973
1684  66
1294  93
1036  546
801  187
1062  504
60  870
1716  1652
1637  669
1628  1337
1868  620
1598  1308
1565  2000
1366  1731
1882  1431
904  147
871  1697
1049  621
438  1627
1040  1441
1030  842
1819  1297
926  664
1047  1313
161  1072
1845  228
750  1939
11  561
332  630
1324  1903
760  1702
975  453
59  1916
913  1210
1702  1148
562  369
1973  75
1382  1389
1446  273
1138  258
1550  1961
1331  1466
1305  1716
753  1947
321  1008
1172  1110
1544  841
412  60
1498  645
1345  1489
122  454
1815  506
496  1842
1420  1439
788  446
198  494
75  1999
1473  985
1387  1492
1625  1858
353  52
835  1591
563  411
655  112
1861  885
703  1570
124  1701
1222  147
1974  437
1184  966
645  1954
1432  63
417  1813
1897  291
1028  1200
43  1622
1786  1923
1737  1801
759  1430
386  969
1276  188
1534  222
1242  1094
1684  75
1198  10
873  1648
520  1505
1611  1241
1987  503
145  966
1820  1839
1393  4
279  1320
1008  1550
24  1077
796  1448
1641  400
436  877
1634  553
1688  622
825  34
1346  1679
1212  703
1520  919
509  233
551  76
836  473
913  590
1388  398
1901  1430
31  555
1771  33
1554  990
20  680
1541  1532
1333  1866
1347  578
1328  1556
1155  16
1633  709
702  1583
1145  1817
625  503
1669  415
1483  1560
1132  1066
1120  964
1241  101
1280  1553
576  800
357  1622
1254  746
1741  1791
1686  1248
1897  1420
1782  618
1926  879
942  82
226  1358
1928  319
96  170
1559  167
989  714
1476  1411
1735  1497
1053  1411
1242  1573
1415  517
1385  1055
133  1418
784  397
821  1962
1206  1340
363  255
1123  1550
564  1757
909  252
1201  121
342  1536
961  1399
1977  1857
700  1264
625  867
845  1990
1982  1492
1533  1334
1586  1925
540  1505
1968  764
997  6
463  231
191  341
1050  1859
1692  1516
1496  1622
1656  1583
189  769
63  578
92  113
1503  35
637  1738
762  924
1308  995
1962  1079
680  528
1143  1438
1400  1014
1702  1448
211  405
997  1572
1854  1354
1676  16
1627  1160
1880  763
1927  1974
1257  148
392  1721
1411  1793
1008  1513
1385  245
197  808
1063  138
303  268
352  1843
384  1141
1917  197
949  542
1265  103
602  1070
1285  1905
798  853
1608  1112
1294  1818
631  581
731  242
1404  1003
1928  1365
1541  796
44  239
122  1402
331  134
463  1671
667  6
31  1334
1209  1494
1763  767
1789  1236
723  393
367  415
1361  1418
803  887
1926  360
394  1684
465  1089
975  112
1250  1127
783  1128
947  1793
444  1789
1660  864
1053  168
1807  1419
1593  885
1412  244
1995  268
1157  255
1943  647
994  785
941  250
566  808
905  1730
1763  63
1542  538
1627  878
1470  1947
54  576
1282  1614
136  1700
1515  1790
1473  238
1804  1489
1939  641
529  1819
1524  1416
324  46
409  346
1789  1928
232  619
631  1067
363  877
559  1236
622  642
1988  231
836  501
1526  1074
1495  425
1555  776
1354  1735
329  0
377  1436
379  184
1865  1946
219  5
1726  202
648  1251
1098  494
831  399
75  498
1451  649
1717  981
99  438
1130  1854
422  546
327  34
892  820
1156  1568
1417  265
285  470
1998  491
549  883
421  398
602  1989
667  411
1709  854
925  1357
107  1162
1887  966
399  1564
1399  122
1557  1174
1274  953
1524  165
1586  1120
1921  1432
317  1355
1078  1872
1096  1764
62  534
1716  118
234  1246
1829  1292
1106  345
632  1968
705  667
802  1613
1524  1827
1970  291
764  1988
1480  1819
686  981
86  1853
1152  1703
569  1538
1639  1976
612  1678
1710  1373
1595  1449
1840  1721
1115  1317
1970  758
69  235
61  1285
189  1246
1890  632
1878  1942
324  804
559  170
1165  1995
1763  1615
91  491
799  754
778  1093
1772  1146
149  1752
541  587
74  496
1015  298
956  899
245  105
1804  1974
1359  659
1956  1625
1574  1253
1875  1831
1836  1565
1768  1405
895  244
1428  655
324  1680
424  275
593  1766
1696  1449
969  731
1621  1527
44  1067
1862  660
45  1990
273  875
1097  1171
373  1303
406  28
1271  1268
1939  458
552  1908
1382  1517
479  667
1913  959
460  1603
1603  1304
1321  12
554  433
1118  1331
776  1614
890  679
513  373
532  1662
1329  182
1103  1468
513  687
519  361
551  1743
422  1036
920  567
513  304
694  509
143  1587
174  1771
1468  1007
1814  1999
1085  812
1258  1842
900  1018
990  1238
720  1554
303  805
305  1996
325  994
502  1007
472  1700
1604  1026
801  1598
283  979
358  1848
840  1285
1864  1046
27  1230
1492  1098
1390  333
917  700
1284  432
112  1506
1351  1797
1525  1435
1432  1401
1437  81
1410  1917
441  513
892  1907
1835  770
3  1695
439  1571
1412  1545
607  1765
1024  92
919  1177
119  1296
265  712
227  1547
441  108
107  1271
92  1647
1589  1150
1979  1708
1132  1538
886  807
168  1894
210  463
1154  1743
1390  1489
85  1523
1972  1831
350  589
289  1338
1024  1793
108  297
1672  56
1080  363
1965  660
670  82
1040  434
1126  1867
1916  933
1254  1971
188  120
600  1708
858  1744
1482  65
1874  858
1634  841
698  1404
1245  1950
1756  960
451  1343
669  387
1614  91
463  628
1958  235
850  931
1784  1193
562  24
911  597
788  1261
1795  225
1858  6
1211  299
846  1258
1376  1948
1540  1361
112  1141
1414  1523
579  458
547  1263
642  667
1635  699
906  243
560  820
1688  904
1244  1391
441  1981
1384  36
980  752
1630  1018
507  1073
948  398
269  1018
806  319
514  1288
1101  1804
1758  1684
1447  1911
1202  1086
613  1667
297  1047
682  1001
196  943
1669  255
1078  1664
1514  1170
1213  85
329  465
1303  1798
1772  1191
1356  1667
126  1011
1568  1506
213  1566
1527  671
431  1330
1998  971
776  338
1856  970
1134  283
859  107
1087  1161
863  639
1813  1317
1931  1692
529  703
1480  447
1183  415
894  174
1201  158
651  51
1733  1281
241  180
858  1214
9  771
1464  1200
796  1934
1583  1505
1038  300
1466  1288
1714  270
1767  919
1596  173
781  1382
1493  312
1435  1613
1666  1921
636  1959
1598  1677
1972  235
192  706
41  200
630  1969
422  1521
222  1501
293  1171
1630  211
1513  796
228  641
143  189
1337  1408
1072  287
1016  552
848  1594
1200  1154
943  1901
976  255
1210  1440
1215  401
964  1651
1431  1864
1337  1590
1823  391
432  1287
401  1132
1286  1348
1131  1513
939  857
1052  1603
743  1072
1142  2000
1383  463
1429  133
747  1292
568  443
249  166
1643  1763
1792  1678
429  726
520  520
957  80
1392  488
1864  244
1248  1238
893  1515
478  26
1868  1808
1943  826
332  406
829  1848
691  744
1405  1804
405  1689
305  1141
356  88
845  1874
984  1206
1369  1431
1156  38
1752  1665
7  362
1503  158
250  1875
525  1623
1738  1840
1111  1365
452  408
1973  801
1784  397
1031  470
1773  1513
1988  952
261  600
1500  1614
211  918
674  1705
563  1093
652  601
880  740
378  535
1728  1864
283  964
824  1551
1574  825
222  272
1682  305
1199  997
398  1523
1221  1666
54  1329
819  1972
868  1485
1518  151
1056  1580
648  618
1511  555
1768  945
302  35
1106  266
1684  1265
1475  1256
55  747
1877  141
1730  1382
1694  1145
1592  161
1590  1497
298  1183
1992  1435
264  1178
1902  744
901  1546
1438  949
1856  693
1908  91
1075  1789
708  732
437  1241
1726  577
1201  1296
146  404
616  1676
834  651
24  728
651  1472
108  242
1843  1074
1232  1465
11  1147
201  504
1046  737
238  1921
475  121
1484  1931
777  1502
1230  352
1238  341
1700  295
846  74
1979  600
101  1948
1605  1143
1930  1135
815  582
595  780
398  1703
1636  1957
80  1144
628  1255
1682  163
1675  146
340  1768
10  112
1656  1915
558  305
1155  65
1238  1792
1187  880
349  1247
1096  509
628  183
1806  429
1692  471
1079  1389
1979  90
534  894
1518  1327
1849  742
1597  1031
112  1590
943  1699
479  670
589  973
137  1269
1867  6
1869  928
282  1914
188  634
407  823
1752  1351
926  88
251  1110
986  1096
1046  1426
1746  716
168  1696
841  1113
1710  1386
1060  559
1825  102
975  1303
489  1312
1988  649
326  1397
1223  183
1251  1222
1923  993
1109  783
112  1892
107  904
221  3
954  1135
570  1496
1527  416
5  301
1810  1974
909  5
163  714
448  1987
845  369
694  814
1904  230
642  1353
960  717
1098  1907
582  1814
1488  266
1288  208
442  176
113  1471
110  1807
895  1827
273  1572
638  1143
1794  1430
1519  1785
1254  1877
849  909
202  482
741  1929
1260  975
1462  1962
1209  320
234  742
646  596
1056  1030
274  271
1179  1744
1748  844
367  771
428  531
1344  816
1354  92
470  844
1188  1024
1239  1552
791  357
269  760
161  1749
1763  1815
1252  1936
667  1750
1818  74
835  1280
1405  1068
1677  1779
1260  1529
1084  900
477  1318
1063  55
545  1540
684  1265
818  597
630  562
1460  1285
0  218
1078  1218
548  1086
789  1426
1148  1905
1138  1269
452  230
1843  1955
1180  61
340  1342
419  1580
1526  1513
508  1508
1628  600
1540  946
1162  1074
1934  1453
1971  144
1491  367
1266  803
405  315
60  1869
1503  1094
366  272
160  5
804  292
701  513
377  845
1030  146
1009  1761
201  1490
1573  688
1618  428
79  1832
317  600
1203  1206
587  1793
1494  1908
1717  1130
1858  627
1637  348
488  41
1005  1838
900  1457
992  862
1410  460
1715  60
1651  1517
982  632
1312  428
1061  495
694  1338
687  1769
1543  1320
1109  738
20  1181
78  994
461  1705
1402  1571
1850  1371
1464  392
1570  237
191  212
239  28
1751  1599
1724  1296
379  989
1981  1707
188  418
1463  1760
1292  917
1900  0
740  1037
1321  986
1636  1543
586  275
327  1177
506  651
980  154
1092  870
752  1398
1365  1029
1538  3
1857  292
1508  1653
552  853
851  959
1386  1015
124  866
1245  1057
1213  1677
1293  1442
1472  1314
961  1130
1738  1031
1232  648
878  810
1534  1610
366  738
1533  1671
1293  1827
89  1876
1012  720
535  1816
1555  75
713  1965
743  1265
681  528
1036  1051
339  56
583  1343
202  282
774  843
1271  1701
1738  1634
612  1147
1068  1119
1560  1068
758  533
900  1545
1234  1211
149  508
638  948
1625  934
1381  259
776  1075
622  1027
1352  1374
1326  921
968  1494
960  588
1281  32
269  1982
