5000
1868  1166
261  996
1801  1504
496  1605
350  1473
1661  441
887  1515
159  1143
1692  1840
216  1010
1283  528
1718  1249
949  1720
527  1849
1807  49
938  806
638  749
1483  252
1548  1295
533  638
1549  1917
1476  1018
387  786
237  1386
1257  755
1417  1750
615  1769
1861  927
1476  543
180  1583
1955  1132
1557  514
237  312
944  1441
1001  1374
680  1145
1296  220
423  378
879  1561
118  1159
155  720
1889  1951
106  1317
1837  235
1379  1505
1824  1798
1788  606
374  1350
1346  576
292  248
481  906
1301  391
454  1684
1445  1545
1986  604
1266  1491
1697  751
852  1408
48  25
745  1037
464  818
452  1168
1677  1635
1416  956
1084  1093
1352  1378
399  1201
916  1923
164  1982
955  121
1737  106
1632  1395
160  438
868  602
833  1561
573  1236
1195  1199
1821  690
1165  1918
440  145
623  551
675  1823
1803  963
1299  199
1325  809
989  1101
1109  1888
1014  1074
1137  398
1296  570
1013  1793
385  1624
1411  324
1447  803
1046  1746
1284  1792
947  170
702  114
1957  1784
256  358
1314  1123
27  1563
79  128
1384  209
603  218
609  1228
650  438
975  135
1949  1045
1799  1354
657  823
329  1583
1191  952
517  11
564  1481
1313  169
1536  1773
149  733
1049  913
834  1066
668  1036
1393  1763
415  609
650  503
1795  174
1216  1072
73  692
1114  1313
973  340
999  814
1678  1027
883  208
384  155
1415  797
1830  393
1204  1803
706  266
1325  639
878  1913
1238  1230
921  766
1846  731
134  928
291  181
1749  595
1315  347
1068  1149
702  197
1608  587
1927  382
1528  910
1340  128
1328  129
940  1863
1570  1039
1819  1250
370  1769
1171  584
644  1388
1810  1642
1885  690
451  1114
10  1955
476  237
1183  1413
1015  887
1939  52
650  1733
1566  291
994  1312
1784  1881
1536  284
333  1711
1359  920
632  1856
1086  241
1914  1418
438  1127
909  736
557  1291
1450  1990
1100  709
1745  1433
411  1280
1357  476
1201  1176
72  1074
998  1142
1  1231
871  1274
756  360
165  1482
970  1969
1621  202
96  646
629  249
1748  1119
673  138
1193  1382
1688  574
1784  470
656  564
628  1418
38  1874
216  418
1335  1225
867  1002
171  919
153  1477
417  1599
904  72
700  1462
940  807
170  165
492  1913
1080  1111
866  1238
1342  340
1241  1029
124  675
289  230
157  527
858  1879
1133  1029
1198  64
968  859
181  1619
1290  107
1795  1056
1258  258
9  1673
322  379
368  1721
1762  1139
250  153
647  1871
1176  1683
1724  1114
1953  935
1515  152
974  774
464  228
1100  1898
1027  1289
1144  1936
565  1371
1767  1014
741  1478
427  1998
931  1590
1218  1073
1517  478
1598  237
1826  1685
1346  970
766  162
1932  1760
381  392
1707  1735
883  507
32  559
917  1595
1433  1950
1587  276
20  1960
51  601
13  1196
1956  267
1297  1148
1722  927
669  867
1368  116
701  982
1554  555
410  225
695  1763
1646  515
81  1694
84  1512
1832  899
792  1396
365  1835
944  1998
1772  1875
1342  19
366  325
1294  1206
802  1823
1401  1074
447  1640
1800  152
61  584
1200  861
273  60
44  339
1733  451
1538  574
763  1413
12  1786
1517  84
8  1511
35  1665
1544  1118
404  1041
35  388
616  1659
1123  488
787  528
973  1605
1724  258
834  1301
615  1839
808  1182
34  311
456  1123
1318  1669
1584  1070
248  617
283  420
1998  56
631  748
317  1942
1284  1933
1061  1177
830  61
1047  1347
974  1850
449  1775
944  512
1684  282
893  1639
384  373
744  896
707  867
180  1619
638  1880
955  1913
266  1462
280  1385
1539  1777
937  1356
1125  1414
1874  996
1587  766
478  1936
1529  761
1660  1090
1808  588
886  1103
229  1989
284  1307
967  364
1004  202
1206  1089
1471  1387
977  1674
508  1769
587  306
184  1524
1583  847
912  1990
1437  351
492  1437
100  192
222  1909
183  1182
940  789
1556  1618
557  751
1058  965
599  1210
1949  1865
123  791
565  1279
1095  1639
1186  1543
1516  1960
1497  474
1001  1622
857  596
405  684
1505  1906
1266  1830
980  1978
1011  1601
419  1543
1755  35
1178  1522
1426  1596
1920  1221
826  84
120  18
500  556
1243  1735
384  1807
1374  973
580  1962
749  748
407  821
1564  1981
1813  369
1751  1896
641  1955
1133  1541
1411  720
1438  1510
1039  740
1494  917
1373  714
1635  911
1683  281
1107  1018
699  919
493  1407
1125  1411
713  52
1042  1750
354  401
1337  275
1959  1938
882  135
1333  298
1371  1125
1532  467
1361  323
917  1170
1935  860
1190  1448
1889  1658
1779  1621
429  1596
954  987
1554  666
1448  210
572  1791
257  1578
1611  775
79  86
910  198
471  1877
1739  1399
195  582
1761  54
942  179
271  139
615  204
1857  1127
1382  381
332  1445
745  431
153  473
1462  1538
1020  1472
1097  111
1438  1742
370  1690
24  845
454  1073
1496  1188
384  1919
667  235
217  910
1752  1681
1634  1798
1756  724
1961  724
456  141
628  791
321  1566
496  1225
476  836
985  1486
155  100
1407  273
610  1442
854  1639
869  823
1179  1426
617  709
573  1321
182  1744
1166  1096
1425  1936
657  1912
1049  1386
383  1730
1462  478
1158  1965
1425  1567
414  1673
1635  618
1747  1164
1095  649
1743  335
833  1366
383  1147
1824  1520
1779  1383
884  235
1491  1954
888  81
1301  301
1393  1752
320  73
1942  1098
1896  1517
1473  1187
393  1913
1838  1981
1161  1397
1278  1323
822  59
1483  248
738  429
1792  568
1722  907
1686  311
646  515
1819  627
1298  370
711  905
1567  316
1121  1526
1765  859
432  1099
1377  1555
1206  1926
84  183
637  489
468  1707
538  1416
930  1025
1453  955
37  1909
1202  286
203  361
1300  1728
1840  1197
919  173
325  195
465  481
99  1201
725  1827
1629  77
1167  391
1597  1717
1796  346
1858  1606
1121  1111
1747  702
1806  1505
1645  1785
1863  1190
1288  49
1314  1358
997  1254
1327  899
1228  576
755  58
484  1346
1851  1365
1640  1011
1520  222
371  1087
1103  1042
90  1248
1852  34
622  49
1693  1397
301  836
1197  866
1513  1108
738  1823
1993  825
1132  521
891  1621
464  1227
869  1389
21  1518
324  650
1945  1333
1133  362
660  1767
156  826
1168  1121
308  1019
1085  833
113  1646
152  957
723  1834
997  144
1172  1206
141  494
1820  961
668  1744
477  684
794  1819
93  1368
1855  978
1269  1322
1938  739
1558  122
1265  1231
93  159
1954  1941
1880  604
1664  1553
904  1163
757  1359
610  488
761  1191
1159  1736
246  180
435  1781
1647  1260
1692  412
666  1400
1521  1373
1901  1130
1624  1471
685  1446
1615  1066
1105  341
613  1257
1620  1640
107  1384
45  1798
307  518
1261  434
1629  462
628  1968
964  1802
341  926
551  1271
1993  749
1057  1511
1743  1445
557  531
898  1156
166  1005
625  666
309  329
563  1691
339  41
104  719
522  412
1561  250
1589  710
1355  1843
1677  1230
1400  230
885  1803
720  1061
435  1237
1432  520
1628  768
189  1433
748  153
303  1578
632  909
712  484
270  1335
1027  876
1658  1978
1239  1662
1698  1040
1574  1313
1069  853
98  166
1983  698
408  1940
1062  1403
148  687
298  1139
708  1046
1866  518
589  120
1072  1748
261  1629
685  1420
80  1248
186  582
323  418
1213  1798
454  635
1234  1823
1974  1176
512  169
1712  1150
314  1660
890  1797
1320  829
843  361
393  27
1001  1195
1521  792
1940  1064
941  1780
1891  615
303  1474
148  986
508  1153
1556  920
877  1893
310  1355
1652  1122
834  1779
1425  1225
163  1404
939  1697
911  896
1874  1779
267  439
1941  1196
883  1971
147  1314
114  1599
100  1487
686  674
1826  1515
334  1272
650  349
998  202
1148  1282
761  1937
1199  33
1340  1924
1843  1695
454  1523
363  181
1702  79
212  1772
573  1083
1563  950
781  1460
1619  1909
1354  908
1748  134
1083  353
906  475
1041  600
1180  502
781  72
1679  1239
716  4
145  8
1729  249
259  753
358  1861
368  651
24  178
970  99
984  451
676  749
168  123
490  1871
731  461
903  86
1967  128
1978  1037
506  709
325  931
1814  1528
1698  1129
394  326
1702  932
1016  77
532  1611
1691  1520
1636  1488
1499  1167
470  1652
428  717
1258  1156
1893  417
1684  227
1642  140
58  1326
1882  399
1501  486
1315  1809
1577  892
777  582
1188  1287
1768  1134
606  18
1520  1951
487  378
358  1017
741  1579
996  1976
1704  371
1741  711
146  1007
130  1384
1772  1335
1859  1238
818  842
609  1637
776  1325
17  477
680  531
1172  1996
1778  1451
1509  163
1175  197
1672  586
842  991
869  1547
1273  895
1903  1054
1724  1448
525  743
1672  420
842  1121
855  1616
836  17
135  31
1351  1799
1163  122
1804  1843
1711  1467
1258  1707
926  1461
631  1135
1166  1342
308  689
155  513
28  530
1846  70
63  450
334  627
856  361
1596  1375
56  411
1638  374
123  767
257  1553
1029  80
1596  383
933  1423
1586  517
24  878
5  325
446  1307
947  337
814  707
1136  1066
790  1011
128  709
373  1940
308  1816
1919  224
80  1822
1205  952
1458  229
1293  1057
670  281
665  179
1629  833
1742  566
1581  1415
659  1070
1334  775
274  701
1378  226
640  496
1877  1085
1645  108
968  144
1533  207
1009  1937
567  148
732  470
1413  734
446  1574
1824  812
975  361
1257  1591
1997  1890
170  766
574  1449
445  160
1425  725
1183  1876
673  1355
17  709
1947  1273
1307  1813
339  1648
339  1987
192  187
1431  1860
116  1971
1338  178
171  201
999  1991
91  331
1199  1751
470  1130
1862  1911
1680  1041
141  1086
838  682
1392  187
661  586
987  1721
259  428
835  40
1466  786
106  21
1949  1099
490  1716
963  274
566  1309
518  1248
1030  1635
1143  1662
635  794
354  1069
1615  635
333  76
137  1889
1182  1945
1711  633
1664  1571
1739  65
999  1629
418  706
974  719
277  1939
1201  330
519  1866
784  158
306  1672
1295  1965
640  416
1590  1308
128  871
1358  713
1514  732
1422  64
965  138
485  1716
1460  845
607  652
698  1033
490  309
1955  474
650  1905
144  387
1029  1043
413  856
1438  1108
21  0
758  1077
1210  307
1463  1926
1015  976
1645  261
1561  963
836  507
1049  219
1239  486
1400  593
566  1522
1604  81
1189  1547
920  1862
1140  555
506  1327
297  1840
234  918
437  740
1969  673
1240  699
1351  1299
1772  1646
1537  1330
735  1859
202  765
1431  991
208  1197
646  1189
717  1891
1161  211
694  1876
1338  305
1291  1943
514  1901
1755  127
1929  379
1048  1594
1674  1725
650  1091
836  1024
129  894
1530  546
1668  1640
1026  1480
1333  152
785  1338
1021  1435
1783  1776
1819  124
976  871
632  457
549  1917
693  434
838  1720
144  1575
1424  1066
1296  1767
1228  1020
1094  811
967  1403
1175  650
133  580
1360  994
1556  472
1437  469
1547  727
1584  463
1897  919
1433  327
256  560
1243  619
1148  1045
575  332
1218  539
699  1746
1095  1413
392  403
1184  1825
1219  979
97  1753
1764  1079
1024  1649
1304  1999
710  41
321  1873
781  351
761  535
1539  1396
703  1516
1082  1910
174  151
295  1520
1877  1262
991  1421
1715  1536
1160  1394
218  531
872  1696
360  92
525  1376
1939  269
375  411
1736  1754
1815  1824
813  1597
1630  605
1274  1136
193  310
890  434
1964  1789
1678  374
683  1346
1743  321
1948  812
1178  1252
1876  1270
186  881
1413  444
355  1748
557  1967
1072  1799
1806  1108
1321  1230
983  317
1808  363
639  1301
1473  912
1368  1662
672  1883
138  1014
1344  1822
52  1202
702  1751
335  1301
1081  1818
84  214
1327  1402
657  313
1160  683
598  289
633  1674
107  1003
566  848
38  1873
1983  535
1556  545
817  1396
1735  1196
1250  927
1686  1438
678  1403
460  511
1194  1007
546  1391
300  1238
324  786
1552  817
1200  1036
288  1256
1915  259
1663  545
230  386
210  1236
101  647
1098  1249
956  1954
536  1456
1434  217
914  797
1016  1056
196  1902
386  1033
1449  779
927  344
329  574
33  601
704  1398
1736  648
272  675
1995  770
1344  1010
566  994
1116  1047
316  319
1670  1511
70  1052
1707  1456
1437  913
1808  1817
935  769
882  1943
473  188
238  1574
1430  561
1380  1485
1213  284
1042  1444
1173  863
1383  121
1804  1797
543  1859
946  274
1990  932
410  955
2000  425
1909  1223
182  147
148  517
519  50
549  1675
1142  1339
108  413
1240  1893
903  633
961  329
1560  1888
906  1986
442  1885
731  1825
187  1816
1793  463
727  513
449  1008
422  426
726  69
563  1826
683  1799
1615  1068
705  1902
1254  524
75  348
433  1719
495  1456
158  384
1866  921
20  964
1958  1208
1603  323
1553  1029
55  1764
581  750
103  74
534  1275
1396  1640
280  1162
96  220
883  1901
1869  1593
684  1021
170  402
356  577
1230  720
124  626
1016  1219
788  23
1516  1077
860  260
1079  1467
391  834
1016  1790
1830  1376
45  745
1627  1563
1725  1285
1063  1229
1798  781
1088  1950
1414  747
1390  579
857  1988
1499  1366
1006  1898
390  1558
1716  317
796  961
56  371
852  174
1999  819
1126  60
1074  636
1121  1257
1606  894
1261  552
644  885
1387  1422
11  1765
1340  1757
799  1845
615  530
772  1232
576  77
547  1849
613  1177
786  1569
1381  233
172  357
1605  1726
75  1519
977  1149
1494  1434
256  56
1838  1357
744  1676
130  1840
1812  374
1058  79
370  320
968  1603
348  517
1838  1163
1994  470
1128  1999
517  466
488  190
1963  967
293  1597
1225  1974
1576  99
1190  533
1981  1253
1732  1477
1784  1049
860  61
918  155
739  1981
422  1523
350  1956
1701  297
1612  1458
723  1151
1709  261
423  655
1630  725
1661  1156
1529  41
467  1453
132  1150
1312  1459
471  638
1164  1475
349  1588
1884  1679
1024  941
878  1156
559  1951
1551  1633
1696  1264
40  1402
745  1532
93  1951
783  785
711  933
643  830
717  1388
1742  1626
1675  455
268  1235
136  509
1839  976
762  868
1400  490
1586  192
1816  1234
1302  1334
922  407
953  608
1066  686
1571  526
488  1222
1085  97
654  1237
392  1188
1320  210
394  1520
1919  884
377  980
1398  1778
1112  1812
677  1923
1551  524
1766  1239
1346  130
1893  475
1873  1599
42  1742
1914  340
1855  479
939  250
210  1495
1893  1147
708  397
413  123
929  1129
940  1250
53  1880
1611  1645
1750  1273
990  1071
734  1422
874  799
1287  605
770  1020
1331  1784
1847  1073
1152  572
460  48
1422  1630
1112  1760
997  569
414  1898
1088  1420
1978  49
1238  1916
1226  223
774  1995
1285  273
1672  1113
74  1333
1070  1353
1385  1150
1066  496
657  112
1730  645
1557  1419
156  1961
1044  1878
941  1102
1400  1198
1486  40
1650  385
1370  1941
792  102
125  1974
116  406
92  696
59  1104
836  670
36  858
1174  1568
1503  1922
687  1805
1801  470
130  911
1411  1360
1107  6
779  167
1982  541
810  570
1015  226
1081  305
1832  1720
375  1590
215  1180
896  1035
1301  1072
1506  1968
1375  1322
1286  1592
1104  738
1926  422
88  377
100  327
229  1871
1823  351
490  1426
1254  59
1041  491
1246  1646
1291  387
1760  1832
1323  1762
1710  490
973  182
765  891
964  659
986  1130
1872  672
564  1083
1025  1080
1543  708
265  611
1824  68
513  1670
1476  384
20  247
1379  1498
279  529
864  1536
448  1272
1696  104
1170  1136
126  584
1133  47
1060  88
794  1971
1514  1840
1734  184
466  140
1343  1294
258  1494
1558  1153
1573  530
1357  403
1190  1040
1219  1985
1676  1323
1040  1596
679  1145
502  1075
1496  1130
1677  1672
484  1878
63  972
413  501
1921  506
1574  24
1294  556
1717  317
1616  336
1848  1756
763  1711
650  1231
637  16
83  1948
1550  550
1416  1801
1651  1020
82  1967
1501  1557
1035  1231
635  1257
125  241
1714  1804
1026  1369
421  1997
1218  676
728  630
725  1845
444  1918
1717  664
1197  1578
1971  1820
475  1202
406  1227
114  21
478  1880
1360  737
1514  1629
1657  351
132  369
246  322
383  1678
119  1313
1027  1806
1053  1339
209  1373
1330  1839
940  1882
334  1493
788  1252
921  1947
629  957
309  748
1548  764
383  1500
1551  1492
1605  1506
791  951
1193  1465
832  1132
1843  637
853  813
1219  1200
1708  1491
504  206
131  446
1777  222
389  1678
1547  1220
95  1859
388  1731
8  1630
550  1669
1325  805
717  1023
1105  1944
392  1228
1753  611
1335  914
396  881
1160  1630
1990  1033
66  1586
418  1856
916  634
530  216
1467  926
1077  439
1421  1452
477  142
328  293
1530  1536
819  800
1992  677
1091  160
338  1598
1527  462
1692  689
1148  1531
155  1009
117  81
1819  932
185  367
1127  472
999  965
450  1060
285  1127
848  516
1645  1574
282  451
521  606
990  1982
1441  191
1811  865
1353  1453
1839  920
1684  678
1936  1811
371  1255
612  256
614  881
727  344
259  156
1073  1040
120  676
142  652
361  161
1837  320
1084  139
660  1415
1013  1542
576  497
1222  305
1657  20
1797  751
1410  116
403  717
680  1552
726  1592
937  865
1971  894
241  345
1796  137
1032  609
996  1792
1697  102
847  1430
516  571
1436  1
236  332
263  631
1514  427
597  627
1121  15
1047  587
1746  693
1758  440
1158  449
1732  1751
77  1305
1310  112
361  1792
1645  722
480  1546
1551  389
52  1269
1648  1915
1871  304
1270  115
1545  1940
3  1526
386  703
1198  860
719  538
1576  1036
107  1051
39  1549
920  496
1014  996
114  59
1620  1993
109  1873
1179  55
1898  769
554  163
1070  837
471  589
445  688
489  1116
199  723
246  1179
1565  196
1178  1965
347  1293
1628  1473
1843  1344
1090  308
1996  352
1827  1755
1580  267
358  1621
510  780
1772  806
847  884
150  1262
57  1491
1026  208
604  1741
705  562
1343  683
853  146
1170  1169
748  1805
1107  1401
1409  1087
1246  339
1440  727
905  119
1768  709
130  1638
351  741
1940  16
1187  1073
18  1949
498  1107
571  1811
1616  829
1187  638
109  120
97  1226
50  1493
231  91
1869  71
1743  227
1165  1358
1365  357
378  1601
1888  831
1210  991
66  1797
826  1228
779  797
1131  1086
1233  1529
737  427
1883  361
663  220
289  1753
1090  1343
1413  1800
519  329
984  340
1217  1828
347  306
1218  1947
482  163
513  1668
984  973
170  256
1415  771
817  1268
1818  4
274  608
1567  1611
281  1238
1252  1303
1921  1937
373  411
1874  805
500  161
1760  609
625  1895
383  1222
875  35
112  392
1709  455
1408  1245
1510  211
676  779
144  1560
459  1499
117  366
237  1034
1027  4
210  1871
1841  140
368  1022
1073  674
735  216
991  1391
1588  978
987  356
206  786
1237  751
1804  1219
1775  166
1648  35
225  1528
1547  1463
317  1287
1588  1901
551  37
1595  203
555  299
104  437
32  477
1358  724
1217  774
168  500
387  1422
1650  1322
1793  1572
1314  1700
1845  1428
165  868
1422  1628
352  1133
212  1389
353  400
8  1193
852  282
1755  807
1006  945
1030  1384
1093  1784
736  590
1007  1792
453  673
1966  6
1342  497
907  1020
1560  1247
1590  190
1681  1737
1409  1802
181  295
1478  240
950  1533
88  1451
754  446
265  402
699  1783
1448  511
233  1962
812  1738
437  9
172  811
1633  1838
1592  1846
683  1985
538  681
1200  1806
1670  897
1294  501
1371  1573
487  798
397  1550
142  1271
1654  260
1649  427
1023  677
425  183
1527  472
1716  1336
1407  904
1384  555
1375  1027
1905  1013
1662  1934
12  822
1171  1222
1381  1255
46  286
521  106
192  560
507  1493
1683  848
990  950
1816  623
1130  752
1883  95
1506  1482
1174  1060
1464  1442
1106  1443
1991  390
306  231
318  1488
1331  1921
1202  1692
1331  1993
1833  1284
1404  1831
1379  501
475  1590
190  679
31  914
1603  1707
478  1052
1985  1993
99  714
1721  1880
523  1084
743  1915
1838  1435
733  876
1346  560
655  626
318  358
407  1874
1150  264
333  831
1167  202
272  184
537  1495
1652  848
1976  1088
401  325
122  1817
563  1669
596  1555
1121  1779
1945  1641
1841  1444
1559  1625
1675  458
637  1408
326  722
1777  1335
518  1165
1219  143
1353  130
560  1653
1936  68
697  635
753  1348
1941  1550
1335  436
309  580
1127  737
344  1470
1256  639
1474  399
258  1466
134  965
192  660
1034  1134
664  5
721  193
649  1417
887  1408
755  454
1789  1385
1010  706
568  1868
1057  1410
859  396
591  1022
62  657
1430  682
285  522
885  888
827  148
1093  1634
1109  1978
1253  786
1008  1776
564  1841
1452  551
1839  1202
969  1475
1761  1274
1293  194
726  1836
346  1962
64  1295
1194  677
776  1438
274  703
246  808
1458  1402
183  643
747  77
1254  1766
675  1865
216  320
516  666
641  1997
506  1662
1781  989
938  1264
1719  783
1314  1508
274  362
1301  787
1811  249
486  198
1058  382
1678  219
1480  529
1172  1473
907  1371
316  1375
94  1018
277  347
1121  1034
549  527
968  911
383  1043
1  1856
629  1907
592  1230
1046  1750
1922  1749
1882  939
859  1869
791  408
1230  249
202  1164
1411  111
1418  62
398  1718
409  800
820  1573
507  577
1004  1459
1767  1113
173  266
743  269
1354  990
1904  74
1801  947
81  775
904  932
263  1569
1294  1608
399  1874
1313  1953
145  537
885  992
779  814
68  1052
1358  945
1320  863
467  467
995  673
13  103
1655  1062
1707  1276
321  1266
141  552
1731  1638
1594  1701
827  926
1086  1084
1814  1320
917  1706
253  945
697  1953
1755  1146
705  1662
92  428
1378  1328
1877  600
248  1171
1179  1463
1910  1855
330  127
1518  1382
1667  414
1922  1827
1727  1893
888  1552
1515  1948
913  1465
1885  1474
1168  1321
1239  1005
1387  785
285  1631
1688  1487
1959  688
1135  1377
580  490
1612  956
857  924
328  1586
1398  1804
353  87
827  967
211  108
1491  1725
500  1129
1328  1451
294  1779
111  816
74  1134
843  60
505  1949
912  41
1220  240
1744  1297
869  734
1757  522
1607  1294
1564  1240
1935  898
256  1690
1256  604
1228  401
21  1983
1796  1934
1406  1027
21  993
677  1989
2000  1161
1470  1930
378  835
1175  1673
1195  882
1135  390
1843  149
501  548
1223  985
834  1322
822  1233
1208  1560
1279  1867
1374  1078
706  365
441  1446
455  1216
1383  1494
1671  558
1981  1681
1259  775
92  1552
1791  880
336  448
932  658
317  191
1131  593
119  1737
1639  1605
1935  494
1376  1012
833  190
7  1733
692  701
1251  1372
1020  648
368  1033
709  1328
892  1836
1875  115
1787  298
1077  1126
1974  1099
71  1076
1938  1846
1818  489
354  1697
1100  1554
1580  1789
958  1734
1028  1522
1608  592
512  1427
941  1429
1983  343
711  1481
298  92
1790  1358
1053  754
1616  20
37  253
1960  32
374  984
1807  792
582  377
1721  1183
1668  722
821  355
585  644
72  758
165  1468
85  166
1766  367
886  1
430  1370
809  681
1612  1395
992  1834
1649  137
1190  329
1044  348
670  1936
1330  1318
835  702
425  1837
39  1503
405  1493
495  507
1543  899
953  1064
464  863
1631  1847
173  142
1848  1906
1059  1256
1897  507
2  196
1750  281
1718  866
14  256
1952  1101
1230  933
911  257
1389  503
329  1515
305  1305
807  1781
440  1215
577  1321
692  222
756  867
376  854
1766  1878
1313  1109
974  1839
745  597
1930  1896
1197  638
639  201
1165  1453
985  1715
1982  718
1807  1315
1291  1826
1347  865
998  1717
1400  1527
706  1054
1235  1178
1574  16
333  1164
363  358
309  974
885  843
1774  1463
1685  182
1090  1373
280  1028
1552  1434
1680  672
1386  181
1721  1812
1921  1007
481  1305
1685  699
1266  222
1036  1861
119  479
1846  1059
416  686
1489  310
1005  747
1063  667
227  1501
898  1287
1687  793
1371  1441
1548  1971
973  864
1995  474
235  852
1512  1073
1575  41
1923  1105
1200  974
1376  791
295  1154
1290  1859
359  802
1248  914
1830  1375
1551  210
777  1041
106  683
389  1207
1650  1191
607  1714
1341  419
165  1064
267  1298
1602  18
1460  1429
436  1972
1167  909
1313  1952
800  1383
328  1974
1161  1241
248  1109
1199  449
391  1152
555  1741
303  544
623  656
1841  361
887  526
1977  1931
1061  402
1960  976
1288  322
1360  509
917  631
670  392
1006  951
347  1757
95  903
1  229
1002  1597
260  890
674  1861
357  1677
1881  943
344  1003
781  213
13  737
1053  249
684  194
604  1376
1478  570
1412  761
654  1894
78  73
1405  1682
1530  1055
557  1784
189  1152
1782  418
1352  740
638  546
1302  1089
1160  176
774  845
1928  1834
1831  1640
1115  1154
1040  1196
1723  1291
1020  1541
1785  142
1171  905
1957  929
557  1302
213  126
1677  232
864  1501
1371  1063
938  1091
193  1464
497  434
1387  1755
206  1856
1303  180
1467  419
232  1109
1719  719
1797  89
1929  1879
0  1359
115  258
1316  878
1526  1176
464  846
892  1001
953  1967
1647  549
934  140
1572  9
596  1979
1789  1968
396  12
576  1774
172  1586
164  478
1383  777
403  1385
679  1851
1604  239
1865  975
1476  452
1336  553
1247  1898
1020  1937
1988  42
549  1716
1920  1362
361  1168
1324  1128
1807  1223
1589  663
549  184
1516  592
1231  701
549  596
1286  1442
165  86
265  1250
1210  355
1159  1129
580  1867
422  1374
1521  660
15  724
268  122
1127  573
1633  931
871  1160
578  1886
1160  1257
1763  1302
444  1932
92  557
1077  1895
1344  346
1960  330
1501  568
350  679
1470  1045
984  1810
1144  1513
522  937
673  1877
1399  1610
1007  592
1148  864
1107  579
162  562
1723  1962
1257  1372
1319  1357
1601  1925
918  698
1558  110
1421  1366
793  1513
1988  807
591  1694
1275  1054
1293  550
678  146
854  139
176  635
1641  1105
1176  1256
1067  1892
283  881
725  1452
1045  1938
1256  1353
321  554
1688  716
1208  1486
1866  1834
1682  872
397  698
1801  1759
238  1191
594  738
424  1748
610  1301
1069  1115
845  449
1081  363
1185  875
699  1028
227  592
613  609
263  1936
465  1460
179  1199
1777  1397
1157  1786
1220  953
1381  1122
1705  817
816  1718
364  1236
1235  1541
1834  348
701  733
911  1297
75  1453
1529  748
1895  1133
1527  1105
893  468
1781  1993
6  169
1236  192
941  987
1496  1488
1528  1905
977  279
299  1641
1200  1493
370  500
1868  308
1841  771
1575  1217
1049  77
244  656
1214  809
450  268
685  1478
1384  699
1763  391
160  124
1811  1832
643  1826
245  1240
226  22
99  1494
1340  911
1746  928
821  860
146  405
620  943
192  1976
268  632
1962  1830
1310  1902
330  527
511  496
213  792
1913  684
1718  256
1506  1125
680  1190
917  859
1280  1061
808  238
858  299
1771  11
963  1601
1119  803
550  1663
564  1710
1246  869
1782  789
1193  1440
1063  1084
328  158
1374  1884
1881  1920
982  547
698  1439
1858  609
332  593
231  1391
212  279
1082  1738
900  280
1397  905
1670  246
383  1387
1595  1601
1337  1470
1760  1339
1811  1029
585  412
1529  945
308  1951
1923  397
1221  1611
1597  980
1953  1553
218  259
1972  1352
891  1508
1199  665
1375  1876
1826  1422
55  605
527  1703
140  1755
1785  524
1573  1719
1971  867
1370  721
154  1461
913  975
1170  145
1428  471
284  599
436  88
292  283
1323  1933
1369  584
1808  1271
499  1232
510  1647
586  501
1618  200
1039  1991
1710  1582
1614  352
627  34
1590  527
500  1531
48  1452
433  1998
1294  407
194  0
992  1469
441  87
1837  891
1136  853
151  1406
600  1182
647  1568
1941  942
1128  1200
999  1490
424  1080
1611  315
405  720
1384  563
1730  17
1181  663
1386  1884
714  1370
1432  1765
1469  1261
1544  1391
528  328
614  72
1402  1242
506  697
1426  140
507  127
1186  1070
558  680
450  519
1178  1149
1247  751
1142  642
266  474
1189  1935
1336  1176
1403  294
249  1574
925  1624
928  1812
1700  1226
411  1319
240  231
1184  1378
411  587
345  1996
1160  66
1436  814
1811  1598
1162  1363
1830  890
227  1825
1851  985
499  979
1526  1504
760  1809
1745  898
925  225
728  1616
1247  96
1853  923
1057  1640
1908  1793
1661  1736
1862  921
1175  69
898  1513
555  10
1559  1975
506  1340
143  1107
124  391
1296  1787
1367  518
1097  1488
1345  545
1787  1363
1478  924
446  1951
1084  935
71  1486
1068  1095
1252  574
1032  1315
1173  1779
1280  499
1184  737
588  1981
957  1665
109  944
1709  827
218  102
1468  33
760  1687
139  23
484  1236
1730  1004
335  864
249  1148
1678  156
1836  169
1650  10
421  1424
1386  1827
1975  441
894  1463
114  10
1405  633
207  1177
1392  1716
1877  356
971  1868
1174  1286
431  901
1836  357
698  1375
1725  494
1100  40
91  606
1053  583
1117  599
1863  1385
541  751
1152  568
1915  415
1125  1214
184  336
1769  827
702  795
1639  1831
313  1639
412  1103
1576  1758
1874  113
332  857
90  1212
446  1602
1224  1249
849  98
837  916
1203  849
675  304
1863  134
1288  1070
650  1827
1866  1508
1318  597
781  66
1314  142
138  1121
204  54
1137  668
927  441
1454  1251
68  121
44  1499
281  1286
633  1629
1043  1966
1619  198
1127  1401
1905  1678
1921  457
1480  1701
889  288
1866  1378
1832  209
335  547
179  579
879  557
1835  1646
1242  618
172  462
218  1984
1733  931
1794  1874
771  1325
1035  253
437  1155
563  1823
120  395
1105  1580
1673  1213
672  656
1793  874
312  1824
1403  988
987  750
265  785
1458  93
567  713
1691  14
1770  688
1762  1815
132  944
66  545
1886  1882
1672  1266
1524  810
314  740
604  1195
509  627
1291  1125
1686  1707
1444  268
559  236
429  314
1145  1031
1385  344
1714  67
801  968
653  1471
1915  1072
1776  212
1777  1113
377  1949
943  178
1494  435
1018  1120
456  493
1325  1265
1103  27
136  958
638  930
710  1542
1833  3
927  1864
1682  9
1757  1126
403  798
1729  358
1180  714
363  1973
1250  884
904  1099
1686  1388
470  1011
945  48
1513  1919
1058  93
337  1723
1355  445
317  626
1827  309
237  272
1593  1182
1485  1846
803  1744
1486  846
986  1373
955  1646
57  343
1713  1977
593  892
1192  698
126  1623
471  281
263  1530
1285  1465
825  1431
333  683
1072  1982
1506  30
475  1245
56  392
1384  943
1361  317
55  595
1698  1037
977  702
426  1723
1360  969
1471  875
127  752
836  1839
208  801
1496  1002
1706  1797
658  131
1224  1602
1700  1876
853  116
239  240
1293  1816
486  96
1477  614
1846  72
1610  154
186  42
656  1461
966  995
1903  1196
176  1275
237  1379
1901  1078
1208  641
1520  1990
1627  1361
1597  958
13  26
1951  241
1061  818
1009  635
434  1267
1026  1404
514  1464
1209  266
70  909
1355  1062
874  639
138  1706
1813  247
980  1305
885  699
1846  424
71  311
1522  328
1752  248
267  420
1506  918
71  1623
1061  1953
868  938
823  1191
838  435
254  1315
1531  67
1644  216
133  216
174  758
233  1847
525  1752
718  1228
702  466
1414  1837
649  978
505  1015
307  929
1985  1160
401  1979
1377  145
432  1900
286  899
269  1774
47  800
1597  1040
177  1605
1298  891
836  548
440  269
1216  637
1842  685
149  217
1060  1395
1753  939
832  98
1433  102
802  1941
170  611
496  1687
1670  1354
1464  1062
356  241
1784  1774
1088  653
63  1196
1957  913
493  1984
766  944
6  1712
608  1091
503  1776
292  1451
1838  642
1053  362
496  632
1541  230
856  1142
559  137
1502  476
1547  1717
143  1809
1629  1158
710  331
1366  1892
1572  587
492  1356
1124  496
1811  277
30  2000
1057  741
631  1067
489  1525
1690  994
567  580
1205  1021
349  353
1714  129
1743  601
448  162
1585  1814
1717  143
695  1972
1460  1445
940  1926
1459  126
1868  1305
1009  1100
1399  226
930  860
1596  69
267  1578
797  1233
1607  267
1558  917
1433  230
1150  1441
1527  996
1229  1023
386  552
770  196
602  1024
988  718
733  1747
1328  639
183  1191
116  372
377  1401
1399  579
1552  204
890  1031
914  217
677  1897
721  1740
393  1134
983  331
893  1825
1296  761
899  1175
1652  224
868  304
893  1299
1341  222
838  1573
767  848
38  1971
1775  1893
1458  1328
1210  930
1127  1796
371  1482
1634  1273
1108  50
195  1256
1804  104
1935  500
1471  150
1587  1302
271  190
344  123
1420  1808
1965  537
1793  518
275  1274
1213  784
1730  35
1981  552
1609  168
541  118
1898  801
722  1258
168  172
1853  552
494  267
1664  913
941  1444
162  1156
1326  133
539  161
564  1740
1883  487
1574  941
1247  1727
1730  1821
697  1826
1087  854
1968  1678
1057  1319
944  1941
624  1044
553  1652
1753  400
239  644
423  145
1942  738
1758  1352
687  221
1678  1113
693  41
136  1001
1873  1287
1446  1992
367  1152
1051  780
1326  1757
344  967
596  1944
1516  149
544  371
1268  322
442  1043
1887  13
1896  404
1514  1789
554  1138
1928  650
368  456
687  1152
687  231
1373  1142
86  445
222  1720
447  234
1547  188
1510  297
1070  1342
1627  683
805  1795
954  566
660  834
221  1426
1589  1049
550  215
900  34
1338  927
963  1040
1969  1624
1430  1696
1869  1052
1194  1709
864  1669
413  60
1231  1182
1140  1933
1629  803
966  1173
1292  1951
1962  583
1579  1687
531  1982
187  361
249  901
558  1325
861  470
313  1209
1172  507
187  319
1768  271
1536  875
1739  1645
652  1340
1506  937
1017  824
448  1688
1481  217
401  587
885  139
1766  691
325  1702
371  924
359  692
226  1048
265  1820
701  1980
876  1791
523  739
894  1681
1688  1572
263  672
191  1410
1051  695
1962  1682
363  1725
1821  1342
1631  1093
583  1570
1577  550
1126  415
1571  857
1187  1510
1991  641
229  970
351  1925
470  417
456  1185
336  1653
1571  161
232  197
606  534
538  377
401  784
367  344
1887  978
928  877
269  1978
1145  1986
1868  1612
1078  925
1218  409
1584  750
923  1952
541  534
1711  1204
1372  734
585  920
800  1595
1775  115
1614  1174
89  809
144  1000
1640  1582
1133  1232
1225  186
542  189
1719  1940
499  579
644  888
766  885
265  1522
1792  1180
1706  1288
1525  275
758  550
1130  1588
1425  1602
1169  1815
981  1479
1648  1216
711  352
39  1901
1708  833
4  1148
1244  397
103  68
705  1963
1215  1541
1321  721
395  704
1733  1021
918  1764
896  1540
419  1553
1179  490
310  382
1367  1815
133  685
128  200
599  1745
1132  589
1416  1864
949  1852
87  1347
1827  1699
1539  713
200  1526
193  126
1325  208
719  1743
1784  128
599  726
1735  163
1406  419
1138  538
133  923
1378  495
309  1430
655  1903
1361  1163
53  418
305  398
1421  1893
253  589
661  1596
838  1739
568  659
178  1522
1015  801
121  716
158  271
1884  211
1968  1865
865  260
813  1249
1139  821
993  283
543  583
768  50
1350  364
829  1786
717  330
283  1799
174  510
398  199
1838  1513
500  1599
1585  265
1234  613
1460  727
2000  1780
543  196
1080  1005
82  1229
1964  390
801  1022
1023  1911
1189  1202
350  1849
1431  117
1800  1653
132  905
1330  92
43  184
867  1901
458  1611
1015  811
1331  459
1382  396
1195  1026
222  1761
1010  101
1388  1652
79  1100
1140  1901
560  1704
1981  45
717  1116
189  1876
1198  523
1533  2000
1940  1874
1999  218
118  1227
210  1576
223  1572
1254  486
522  1829
1457  1934
734  1385
1411  893
909  206
911  299
343  450
340  548
1411  1864
1600  1742
768  32
422  1217
766  910
1165  774
1005  702
511  842
237  1798
383  1054
1639  1755
700  1364
1318  867
1479  880
1279  537
1387  126
189  553
1265  1838
295  1043
753  1078
1766  463
521  901
1554  694
443  1446
725  663
52  621
1907  153
1380  256
1690  1454
995  772
897  146
1674  536
693  160
431  956
1185  1584
70  1903
472  480
1240  1966
1578  37
1110  1744
127  1495
1311  808
1948  1568
930  1315
1683  1497
456  1633
993  807
926  467
529  1415
328  527
44  468
1882  1678
332  1692
1182  1753
1324  1370
2  1426
198  754
750  1734
243  1936
1090  484
1954  218
628  1296
962  266
1464  1659
1824  1308
360  207
1357  133
1548  620
1857  249
1763  1934
1812  1997
379  619
415  882
1660  1522
1029  82
70  1715
425  944
1801  1223
159  862
1979  1343
479  977
679  563
1502  789
263  434
1149  1195
1500  46
459  966
1251  832
1936  1624
1083  255
1206  1719
1002  1146
513  953
226  158
937  202
90  757
972  1893
1400  1199
1650  1750
146  1644
1958  934
541  354
561  523
731  948
225  1576
318  1503
114  1324
1453  1017
326  138
43  1521
1039  1637
337  9
328  558
1788  1812
696  1711
1904  308
164  756
242  1296
991  1730
587  1049
1933  711
816  732
607  1056
1206  640
1612  1016
1771  358
1477  437
270  356
67  1305
895  347
444  820
1197  1225
1485  779
1931  846
827  1865
1258  158
1614  1611
441  278
821  1130
1210  536
413  1351
1737  575
553  1477
200  1379
1220  1543
1214  15
855  1944
304  332
1743  1697
756  1854
1393  1084
1829  1130
604  101
1621  1049
270  1913
313  321
1129  600
904  1641
1092  340
1307  1699
57  1960
584  1018
332  1564
472  931
896  1348
1429  525
1914  922
413  801
1548  380
657  1495
659  1307
1  635
1703  1303
1471  1031
17  1024
828  144
807  974
501  1420
537  1840
1978  627
1546  1408
606  248
422  875
1031  1935
461  1392
729  379
573  1139
22  672
905  1966
429  1833
321  587
890  1809
1487  777
142  1775
291  345
356  1557
1012  28
1590  372
1839  1692
1768  1963
1469  1992
1959  770
1629  1832
287  564
1140  304
1595  1881
1749  1358
1383  1018
717  1068
1488  1515
98  280
1653  1380
1575  1875
1215  1116
710  1997
789  1971
1773  448
1097  881
987  373
1938  275
751  1970
574  190
975  1910
1003  276
1893  1375
1556  799
1078  221
1836  1780
1854  591
1555  654
74  1587
129  1589
1883  181
645  1255
675  169
78  372
883  1998
1370  1631
341  470
1154  1019
1830  1972
929  1640
930  1067
1328  667
1234  867
719  1161
114  1760
331  1599
717  1741
219  937
572  180
486  599
1266  436
612  1900
294  1428
509  1828
1842  1250
1834  814
1212  188
792  1195
432  1955
661  643
1471  387
1412  451
1920  1230
461  200
1230  220
1589  1446
1834  129
1020  356
1618  1974
1483  719
1811  50
1819  1815
279  283
429  1864
897  1867
1984  156
339  1757
1776  1576
761  471
483  1672
1917  1960
1144  222
1448  185
906  752
1202  806
704  406
591  1971
742  193
900  4
1761  1475
505  537
136  278
1419  1501
143  201
67  660
426  881
949  671
1615  1473
417  401
1203  1221
1826  1775
244  1080
466  178
1955  232
1193  302
1352  1805
1466  606
1918  592
650  53
1339  139
1263  87
1416  1017
1832  1425
1283  1860
594  1513
1285  1082
959  965
140  1845
775  1076
1290  1941
545  569
631  1666
469  1347
895  679
1138  858
92  686
561  533
932  1649
1005  892
357  964
921  292
237  1242
834  206
1364  1509
1736  1972
958  1375
1918  844
1064  1397
10  72
1410  828
646  1790
1690  247
1301  1644
19  257
1608  1217
1088  152
31  793
1360  270
1404  31
1108  1290
720  1281
697  1293
546  536
1210  115
1069  1904
917  500
758  578
1853  1874
758  1347
1971  697
1541  87
1449  757
81  1922
1385  1199
1139  1482
894  828
1419  285
1082  1885
1862  509
1159  1576
400  1681
187  1321
619  296
1499  120
476  1801
1891  365
666  1253
559  455
1879  1508
13  1568
194  1791
1666  268
595  1388
236  1366
1346  1345
265  113
1106  1977
1530  1180
1942  1773
830  74
1596  1389
466  591
577  1969
67  871
204  33
45  401
580  1181
301  1870
1474  975
1209  1510
1204  1910
606  429
1322  386
382  658
1729  382
388  346
298  578
1484  1484
292  800
703  1941
115  1216
204  49
103  1421
603  1106
618  1744
199  1403
1732  1136
534  1387
1975  1206
642  837
1391  686
203  77
1012  1885
1666  1884
631  1756
141  741
2000  1013
1707  1615
1122  1609
223  683
968  1665
831  320
43  907
1596  1551
1772  677
1250  1006
257  1764
1402  1825
1993  231
1209  1332
1096  1921
245  693
1900  1929
562  300
955  526
744  355
162  175
1646  1576
1966  185
869  1692
164  1016
1238  226
412  719
1562  241
1630  486
478  1965
1769  1136
1941  1332
599  408
954  1982
332  1427
1865  1487
1744  1818
1825  1465
164  894
1402  183
558  1417
332  251
810  306
1299  1370
348  847
247  366
267  493
1755  83
1117  1280
106  1890
249  495
1884  294
309  1273
1026  1254
1353  1639
926  273
79  1353
1657  1283
1122  542
1794  1026
758  1337
1200  1874
1545  1151
1705  1847
745  805
1437  1115
1485  1970
1215  73
334  1099
519  404
392  553
1141  1958
1024  816
692  1580
468  1498
751  214
604  788
457  1754
1241  716
903  397
1273  1550
1414  50
81  1750
714  1265
130  194
971  296
1186  1096
832  469
591  1336
1017  1580
1556  323
333  1344
1087  655
1873  449
134  1220
1291  57
1028  952
530  1789
1075  650
512  402
1083  1070
244  1985
499  895
32  236
90  750
838  1818
1648  177
548  1285
852  1916
1360  788
4  1629
1615  775
688  855
1144  475
397  421
752  608
646  184
1427  1397
1958  1940
1640  1479
617  239
676  1314
799  1220
1459  607
1601  665
1406  670
1979  609
1901  517
627  1118
1044  1613
1166  1101
636  29
1989  1399
345  1997
219  74
660  1722
1452  1758
939  1095
317  572
1309  1936
1224  67
296  118
80  1960
331  950
389  499
251  461
304  1586
1002  1910
501  1862
838  660
62  159
1533  1498
620  664
72  497
1628  1068
1945  404
1550  458
799  481
471  1736
1520  947
1380  1395
1039  1080
1974  1098
1181  29
99  408
40  1288
1803  1396
186  891
218  306
325  405
1449  1097
1054  371
568  1389
1149  342
971  476
1123  1710
1675  1263
401  1129
869  1387
829  311
621  1331
41  29
221  268
505  1582
1485  36
1812  1047
483  900
1708  617
955  1606
38  1501
979  1494
1701  555
578  1058
1416  1325
507  618
886  1296
903  1246
464  1529
1591  1779
1490  1048
1240  1775
1097  797
296  625
914  1080
1230  1884
1015  1194
226  311
1373  1639
1272  2
810  1269
458  1839
1042  1017
563  310
1800  80
540  1619
139  1920
924  62
752  609
802  1211
700  1870
1415  163
1376  1077
1358  75
348  174
1848  1223
1516  813
1577  1209
452  1128
660  1686
620  966
823  83
536  913
247  1501
1755  960
1217  694
470  1939
993  898
30  1733
1334  1239
1483  1438
1163  263
1843  22
1231  1590
1559  1656
316  1519
1265  954
1133  1430
1690  130
442  1428
421  457
1054  1928
1444  1761
273  1917
1983  413
1475  654
550  1739
395  761
895  245
1435  1775
1037  123
1805  1654
286  1807
360  1828
442  1959
989  1062
71  576
1853  453
1255  1332
183  1200
1866  1183
1312  1944
1893  1739
81  332
2000  1643
1606  1065
1085  1792
745  1316
882  430
1023  1517
1940  1450
212  320
935  582
1760  1108
245  337
0  307
511  161
1715  776
1934  1112
684  259
88  1460
133  478
341  396
1491  1469
973  1706
1333  1702
1075  1927
486  449
69  614
1615  40
1752  786
1982  681
997  704
190  235
1484  777
1988  672
813  495
318  553
1276  1616
1900  1637
1117  1984
289  1539
347  1891
1002  1236
1932  5
1580  549
5  1351
1371  56
57  442
490  1387
770  957
1751  857
1889  362
1389  1029
0  1532
828  127
1431  32
1937  1725
1254  1148
660  121
1264  657
812  1787
699  136
152  686
1640  1051
70  173
1253  871
818  1390
1526  1422
1007  1612
336  527
110  247
1066  991
729  763
537  1747
103  268
223  907
394  1920
1520  550
345  697
932  733
90  1311
1792  1303
218  1940
1634  63
360  1404
1996  934
1673  128
1275  1518
1853  413
139  862
1697  683
1833  487
1859  1632
1098  1073
931  1487
1280  1224
701  1714
1194  159
1658  1488
368  1972
853  290
1523  515
985  137
144  215
1863  1328
773  1762
1918  144
1679  440
1057  186
570  892
350  1402
980  739
318  1796
52  1494
789  908
1600  823
586  1962
1926  544
1276  586
171  652
655  1378
705  1670
392  1321
1264  1891
1886  1690
1520  1579
840  1333
39  1224
1804  1465
269  1782
392  1720
1785  1300
158  1100
1070  1985
969  1189
431  951
698  1535
1286  817
1933  363
296  1386
1252  379
310  1155
47  1110
1064  1014
372  1344
1713  1564
1959  249
1985  309
1343  1777
1209  504
1982  796
1499  508
1464  205
443  1313
217  404
717  1403
851  165
91  1861
923  334
1701  564
1602  1621
614  245
975  13
1463  159
1392  1042
500  854
1095  307
556  1572
1911  684
631  1459
1541  1901
24  858
836  425
586  433
104  181
1085  961
1526  1056
1488  935
1241  1558
186  508
111  283
790  1464
550  518
840  987
117  693
1827  304
1105  437
1349  1722
1460  522
1090  244
480  500
1009  315
518  1976
797  412
1922  183
248  1481
1266  1924
462  959
755  729
1014  177
1912  771
1212  1415
1727  63
334  793
1802  218
1921  1769
105  1665
691  267
505  1070
742  654
271  1905
1143  1431
773  92
868  1472
43  411
377  1385
1492  932
330  243
1452  873
134  1016
1727  1589
1151  1549
668  1759
1756  895
661  1697
592  755
1005  1315
372  1556
359  145
511  390
820  953
290  128
1222  80
1978  897
1631  1742
93  1599
1006  1627
1484  1614
824  174
1461  933
1877  399
739  1505
1053  1484
1973  1542
1228  766
969  589
234  1559
1276  1999
1169  1450
1245  467
1007  1555
1500  1277
435  130
650  1554
514  1664
1309  766
219  1009
272  130
459  1142
1016  1320
1381  1002
433  1114
1854  1300
283  1295
1130  38
1218  1183
1525  130
845  676
16  1535
1189  1349
880  1391
1147  1015
694  1881
1913  1736
1077  1476
936  1638
1286  24
1197  886
68  833
1567  121
1063  904
1679  496
1849  282
1434  437
864  1311
1603  419
689  26
1137  862
529  1167
475  1046
907  1320
1942  1125
643  600
1544  1467
1176  526
668  519
1315  1979
187  1751
269  876
875  1420
343  128
327  1481
43  981
1773  364
86  1531
471  371
1232  29
1034  1643
1045  1245
1445  713
358  155
652  210
1249  1906
1051  1916
1355  1561
638  1010
875  832
975  600
1262  757
319  786
656  959
1934  761
852  1882
602  584
236  1441
44  1561
637  1604
823  532
15  1500
1793  223
1366  1771
388  860
866  566
1139  290
1691  1647
1463  24
318  863
548  1877
758  1223
1854  658
1654  248
1303  810
580  681
1007  1690
432  600
1484  504
889  308
1704  1560
1429  1508
1031  569
418  1510
801  1685
1094  201
1829  1590
819  643
1630  1669
791  1470
1510  1846
1565  1371
369  383
1198  1148
1881  1744
905  1002
712  654
860  893
37  1489
814  1442
1304  1342
901  1596
807  144
769  1576
1576  1772
1354  69
17  1437
1892  247
191  1476
597  1889
399  717
1078  1318
1574  117
334  124
1142  135
926  475
1698  211
1686  886
921  502
1101  1647
1126  1168
376  268
1635  39
743  962
1561  718
1053  17
1330  880
741  1863
734  1102
1342  710
1885  1890
1478  655
992  1606
739  868
1000  213
888  215
1650  496
147  1297
1761  1793
1053  1951
1581  238
723  1554
75  652
1778  237
1979  1549
1434  1237
733  1338
1838  1654
978  1534
812  1216
334  243
585  346
321  1303
1788  1347
1464  1708
1881  324
711  1909
1661  1243
535  1135
1263  1007
14  708
339  1406
1194  1139
1170  1857
794  1597
1742  596
25  1139
1910  368
442  531
1486  1387
842  1219
713  107
931  1822
21  1649
137  1894
1354  1926
1349  514
590  363
1716  1601
556  672
891  374
418  1348
1855  519
316  313
1314  1898
1127  937
999  725
1757  39
1232  231
1528  1123
1541  990
601  1905
298  562
208  1589
958  916
1905  1121
1368  460
1193  304
1565  113
1484  247
1671  391
1055  1377
1173  1726
942  1362
1633  1679
586  945
634  922
1032  498
1144  1822
1569  1675
760  1129
1633  1130
1530  1552
132  937
873  1326
110  1740
316  1035
631  1730
850  1724
1945  237
1330  1633
780  1992
1897  823
1376  1922
1864  549
1719  1607
543  1490
1684  638
709  935
1880  1803
1516  1076
1474  777
434  914
462  944
567  1933
10  33
676  1573
972  311
934  973
1562  954
525  842
116  252
1073  1051
692  290
546  1529
1969  1243
1447  1507
58  1870
1869  130
894  1484
1558  1848
1888  327
1250  1633
297  1272
1182  1632
1377  1732
876  578
457  604
0  1404
866  1091
613  1056
885  951
26  1632
1266  213
705  316
1328  1824
1462  640
1604  1474
1948  1528
578  83
1845  1439
1669  1564
1668  641
1431  1418
1892  837
1825  1519
882  1878
1438  860
1371  1184
468  1408
1195  1531
1659  1898
568  1062
1807  1138
507  692
973  1659
497  1484
262  1198
819  1446
1851  1788
1557  1161
12  689
625  1105
1396  1279
1409  1032
320  327
1741  1624
988  1170
319  1907
1538  1850
297  691
1784  1896
1259  1647
1263  283
831  191
899  704
943  707
1546  33
138  316
486  391
460  1720
805  441
1934  209
438  779
495  866
851  76
1199  775
1274  1038
678  1374
874  1441
732  1721
1022  1867
757  294
230  1007
750  1336
1856  714
1437  1106
1888  303
14  1664
1343  1531
1447  1306
700  1621
1980  1993
771  26
1821  113
286  558
1588  1248
1122  1980
98  1196
1864  108
1136  684
680  271
452  517
204  410
1578  1855
1950  1309
899  1556
1032  1569
1203  1920
1170  538
1181  1567
2000  1871
1858  322
1509  464
1189  1514
624  1208
1617  131
1068  1353
408  1586
344  1656
906  1999
962  167
1470  1170
1032  1279
505  732
436  1444
74  539
1451  1509
897  1676
469  712
131  1300
1297  1737
679  1269
1762  522
297  868
845  1053
590  270
1231  1514
1854  1546
1006  1961
734  930
1405  114
1569  498
1810  1866
895  1725
1962  326
683  1212
846  50
1486  85
1731  226
296  600
1539  1012
561  298
622  1349
186  316
994  1569
1616  335
921  1173
1052  1116
917  572
584  1839
714  1018
769  710
1908  593
719  1696
981  1543
1920  1115
630  478
1125  1106
1882  1188
1332  581
1501  110
570  539
1273  312
451  1169
475  355
1999  1934
495  1171
1055  1250
1008  532
1619  1306
141  1309
275  1717
1828  189
128  1923
1742  330
438  860
598  1467
1746  36
941  1327
67  159
959  756
725  1745
166  785
907  198
1810  112
715  1846
1201  1685
898  193
1084  351
1851  1725
1700  214
789  686
1174  819
1324  55
1399  191
218  845
1121  204
1226  1982
1007  335
1747  846
1532  1185
1242  1464
1559  1496
1487  1848
1294  1447
1566  1709
1977  1983
345  790
1631  438
1030  1802
1569  801
1527  1202
989  99
1030  1614
644  1864
1030  523
1661  815
510  639
143  114
1013  496
1624  1408
1251  81
1605  358
1108  1634
309  394
182  1673
1119  402
1687  255
1048  1058
683  956
515  651
839  1071
204  1084
328  368
1985  1004
450  584
1507  598
457  740
876  1187
261  992
470  1625
1342  1284
924  266
1396  545
938  405
1448  1253
1625  1279
865  1353
348  340
1772  1261
443  1324
755  122
278  442
1410  661
327  233
954  723
1597  798
1054  641
670  1377
1543  672
495  85
168  625
1427  291
1278  273
1741  844
1915  572
921  1532
1582  1501
66  1386
723  1139
48  543
1515  839
1002  1992
865  1553
483  1738
973  1247
1007  579
1596  286
509  217
758  1238
1593  1180
728  676
1790  735
348  426
273  1842
32  147
674  1638
251  1979
871  1043
437  1253
1870  1945
1505  341
686  1457
163  284
1315  925
1188  531
206  1000
692  64
32  1053
1764  977
474  1044
144  1528
1246  1099
1410  129
80  412
1137  1212
1213  893
1222  1541
1385  1687
88  373
1988  1418
1310  270
934  1741
517  1037
84  1334
220  1505
860  959
1491  1818
955  1736
828  862
408  1542
1339  1568
386  365
1404  523
1992  1163
1726  640
373  1044
93  1157
1220  1595
914  624
1620  862
1001  1017
1233  1089
69  137
1790  645
1378  1815
796  1548
287  1813
1707  1850
1703  1538
444  1757
1511  1022
125  1036
653  961
1975  1636
1690  10
1397  33
1870  880
1128  1480
790  1593
1006  630
601  1300
1333  1613
1585  1699
1180  1913
1820  1902
800  1762
426  1328
49  1428
592  1725
1890  1254
1440  323
737  1840
635  710
1514  889
1119  972
1439  553
1716  1495
158  1329
1881  658
1456  1047
1688  498
57  904
22  758
942  1775
677  772
1638  1939
338  1539
228  948
1524  633
674  645
1758  1820
779  1291
378  858
528  846
832  32
950  1390
784  691
205  1334
1872  1632
184  1792
1250  218
1305  200
1051  1754
1507  57
1023  687
1281  1765
1846  1599
330  1231
436  1344
1420  165
363  1818
1132  649
1669  1620
533  1841
122  969
675  741
1962  269
1515  1683
1407  962
1750  805
1387  1958
114  1041
1189  696
1139  325
310  1182
911  165
824  1133
70  1051
659  1734
1546  905
1792  1320
1191  1219
999  128
419  921
1001  382
1717  1708
1369  220
1312  986
416  348
489  1251
1261  265
1613  1312
919  98
1902  1913
775  1724
1684  1224
722  309
1357  1132
307  883
838  800
335  641
1158  129
1692  1919
970  514
460  1761
1872  1587
713  1043
