5000
1267  1526
442  827
468  1638
1185  1535
734  976
425  32
1494  329
203  821
200  1415
1456  1884
1146  1390
881  440
1136  1006
449  150
1282  459
1482  347
452  1589
1105  404
222  1433
27  580
414  1678
942  580
1066  693
768  498
319  1068
1924  1623
196  901
1860  1719
1123  254
994  441
1673  1666
337  1970
192  540
1144  794
1631  1190
1995  1652
1098  247
1574  1604
942  58
852  1547
0  1232
605  1443
1341  839
219  73
869  1581
1809  205
1517  301
424  1071
1186  1674
805  1036
1719  871
151  944
293  57
831  1318
1452  682
455  1916
1032  1043
471  1690
1939  720
1364  1087
1826  1547
1324  1647
595  1450
1128  1438
813  915
1526  409
48  623
992  1548
1170  1041
1838  441
1909  1968
1870  1800
1658  1755
1896  1422
1642  1311
82  1477
559  251
709  1480
457  529
1836  1737
1382  1022
244  718
1490  1320
1952  121
912  25
1793  1713
1176  1684
548  720
779  277
388  1273
386  103
817  438
154  1523
656  1207
1936  1360
1068  1100
1646  78
436  1413
1339  999
538  1165
544  657
1127  1675
1128  598
595  622
138  793
845  1297
1766  1464
1469  1365
637  437
138  233
633  681
822  1479
1825  1598
817  1750
1021  1657
1865  870
1679  1367
1341  652
258  1602
1123  1908
269  784
1416  1872
1598  452
644  1942
768  1634
580  970
1577  459
1438  826
1158  471
1039  1893
1857  155
181  1711
509  272
671  732
1592  1475
1708  20
1728  1602
878  217
692  138
1959  702
91  130
324  102
516  699
1209  1561
1735  169
953  1220
334  1844
1638  625
1183  1775
756  1194
840  1331
1261  1006
697  48
887  1625
735  1331
953  997
378  1001
868  476
677  797
1233  715
226  1466
251  1791
1660  1477
1534  896
898  504
1596  94
1383  887
675  349
118  619
703  25
1398  1508
1497  565
1961  1296
842  127
103  521
85  796
726  801
396  1249
1939  1494
1090  1878
1692  1183
108  230
113  1841
1411  1905
1305  1696
1241  1063
469  287
1656  1770
506  575
117  1759
1131  11
845  269
758  1317
998  138
291  15
1173  1581
946  357
397  1302
1207  916
1332  1865
1836  1377
213  375
1573  1096
1820  1410
231  841
1810  260
1068  1501
1517  1799
1950  1457
16  271
1417  1112
1447  1972
667  1555
35  434
112  550
716  1640
1427  436
914  1293
617  1637
775  1396
35  1762
561  63
1858  1372
1692  89
561  1717
895  1301
1518  1997
1700  1693
279  272
3  1855
1774  1378
1566  905
1171  288
961  1514
1968  1047
752  1612
33  188
1453  284
1334  533
392  1763
1642  669
1337  1378
473  1487
523  1748
1526  1852
1184  1685
1794  1305
1611  1478
1268  539
1659  1916
1014  536
1850  738
1891  955
1672  1986
1166  1031
1799  1556
311  1987
1816  1399
507  1775
1969  1922
1030  152
1062  1299
1725  1228
231  833
1189  1084
926  797
53  1330
400  1535
825  684
809  1770
1080  772
1633  1031
411  736
173  672
1969  1913
129  662
1257  1762
1450  1650
1006  601
1813  653
784  1829
1154  847
1345  976
410  1320
336  192
382  1309
1727  253
886  1660
908  460
1840  256
1129  663
1408  1384
792  1535
633  1515
1295  1490
1442  1124
60  1985
1379  144
556  1704
1334  1715
324  1172
851  1041
1150  517
634  1314
1474  539
1152  984
929  1763
196  44
361  1800
1279  1875
542  1126
654  1622
1610  139
990  610
216  969
1409  1565
250  473
971  708
1890  702
120  1295
1507  1769
749  898
778  1473
329  312
1636  1474
1926  520
796  1403
1368  531
1585  802
595  229
439  167
375  146
414  1606
956  713
107  38
1413  810
1821  1547
754  509
1272  965
1667  750
1688  865
1097  998
1742  1540
883  420
1058  852
1575  149
112  851
219  982
1996  1242
274  1672
1659  441
1164  1290
1586  1485
1070  485
1131  883
58  854
1017  1916
1565  1399
1572  1622
732  1698
1452  1343
1605  511
502  1752
746  1814
730  1846
481  1051
101  10
3  1983
988  627
265  241
1338  166
1981  1810
1360  1806
1596  172
565  383
613  98
607  424
1047  611
610  1438
795  739
1507  259
1183  739
502  25
1257  282
1804  1302
1195  1350
9  1583
366  260
1907  1407
76  81
261  1548
17  755
463  1723
670  414
31  954
1046  376
646  1501
330  508
1943  1616
234  1282
654  898
1811  773
218  1795
197  1935
1012  1631
596  309
735  865
1836  469
1599  1196
708  1099
1548  1680
1683  1902
996  286
1844  1907
1544  551
446  1376
250  1295
1431  261
1368  1044
1866  1356
872  1515
730  1700
1368  57
1458  964
710  1907
453  1662
1395  1004
848  1791
1225  1121
326  1905
1121  1600
1533  742
767  553
1245  1647
375  993
1002  1563
199  1964
1284  1088
108  189
1811  1912
1732  263
1188  1463
276  260
491  606
1217  367
1609  1922
832  483
520  113
655  1514
1957  1086
1805  1028
818  1338
302  347
570  1599
1014  844
230  676
1457  1101
1136  1778
916  1937
1407  1609
1286  488
658  682
1279  656
58  1131
1254  969
266  1098
1121  1588
430  553
155  309
512  1388
1986  970
1899  1868
1590  1882
1960  291
394  168
1885  891
275  316
72  283
1332  1772
1711  197
627  1594
1617  1894
1846  640
1741  1776
1755  308
1639  663
725  778
244  1156
1674  1435
1921  1024
1671  76
1825  828
921  890
56  1697
480  916
1414  227
424  1455
1823  1154
479  1943
1053  558
1532  1525
1790  1393
884  1730
1645  249
903  326
341  1623
1232  363
1578  691
786  615
906  815
651  1184
133  286
655  354
715  1584
1318  1803
986  808
838  1426
159  1034
1179  959
443  1081
344  1189
1535  231
1463  623
1783  1680
1904  1710
40  397
1911  491
437  715
1525  1220
1893  326
1330  652
483  1375
1138  1850
929  969
1010  1419
714  251
739  1734
122  1428
1271  1098
1305  796
684  213
231  787
883  1539
1916  164
1353  274
573  1995
1150  144
1116  1298
1992  1510
1284  1809
1761  1895
842  1617
733  252
322  950
811  424
375  1113
1459  1145
423  1204
1848  527
1994  64
1061  901
1003  1077
493  1522
1999  51
1317  1719
985  1128
724  1512
512  553
576  1166
1645  1738
297  1347
318  1964
1951  478
1064  444
801  997
658  1608
254  1171
755  1592
1017  1031
614  1698
1840  1840
1951  264
1835  388
371  777
1108  1296
1271  625
1169  1652
1224  970
219  560
797  1900
1840  1261
344  1539
1054  1960
1161  648
460  1365
1642  118
1189  146
131  185
5  967
1795  1887
425  1129
1385  280
1325  483
840  540
1129  1476
888  585
511  1250
119  866
1007  1988
165  925
282  132
858  1314
1821  521
859  480
880  1609
1837  1464
471  88
873  496
1999  388
1796  1796
1649  1294
808  1166
484  1190
255  1614
1807  1283
1016  933
659  1910
1095  1518
1260  1567
276  1036
388  1376
1002  206
1141  273
1937  820
1286  1118
1197  1352
57  1114
1030  428
1622  1040
1485  1711
145  446
27  1956
592  1323
840  193
1637  1486
669  943
1063  521
618  111
1847  1024
919  1409
477  501
789  1
1587  1785
761  718
356  410
698  750
1793  949
1030  1457
1330  1093
1504  833
1190  1065
1030  1833
416  1797
1277  191
932  1857
1236  487
403  1662
175  869
909  986
1676  1165
860  656
1681  1192
638  1737
1200  66
1497  405
856  1680
1001  1845
194  1479
746  1312
1661  796
817  472
1981  1340
532  1850
702  91
265  406
999  563
864  778
1281  1630
1154  620
309  1589
1471  958
1414  556
231  125
1634  1460
1575  952
1304  57
1471  438
1562  1815
252  629
1281  1492
1286  784
975  1621
314  1081
340  1089
1095  322
1954  429
1293  29
280  1521
611  1267
491  817
337  646
234  1599
963  1439
1953  1108
1553  87
1116  1610
905  650
544  1290
1705  59
1326  1903
24  1681
258  822
478  1956
377  1651
227  1685
109  61
796  1995
113  1679
1292  909
54  322
792  1063
62  179
191  1944
1849  624
759  1021
301  528
1954  1736
398  590
723  1172
156  23
152  1204
624  562
1172  1664
922  290
1338  1548
1919  917
575  151
1355  112
299  1186
619  1174
1134  1965
897  400
930  1350
91  1266
1151  593
1092  533
58  502
57  264
238  1533
1436  857
1401  1710
1044  1685
475  1593
1022  1094
1591  1867
1173  494
505  433
1834  709
1192  421
958  679
1811  226
1787  390
915  582
970  1600
176  1389
1503  1796
398  348
1684  273
631  1038
1784  600
686  1249
1992  133
1544  196
1932  214
1980  1808
992  330
1121  1654
110  145
1101  1740
385  1706
546  1046
696  476
1428  224
98  1053
658  1069
284  13
205  632
916  1578
1919  1538
387  723
1958  1711
1525  1934
1483  180
1894  1764
895  1227
1072  67
776  1477
1117  1876
1027  1770
261  203
1479  1896
1702  1051
1958  1891
1704  1988
814  1973
975  1778
1051  1792
1723  1575
1606  410
1989  50
1188  1984
1466  469
1224  1549
1369  1045
1521  909
1323  1536
266  114
827  1469
67  71
461  953
794  797
1090  245
666  1471
141  1607
1363  644
1554  1622
974  516
1608  1066
1347  1815
1594  1110
577  662
1153  19
8  806
853  812
1477  1715
1300  1069
1148  575
1628  826
492  1718
419  473
957  1897
44  652
324  553
1226  1983
889  616
968  772
661  122
566  5
1651  1360
788  1466
669  1655
901  696
673  1695
441  1593
1240  969
1941  1838
595  175
1683  376
1471  1726
1627  1273
1040  1413
1279  1564
545  1986
794  575
1870  1778
1950  1349
1437  983
817  187
421  440
466  245
1408  1777
849  997
1742  487
408  1970
1962  961
1306  1568
44  1189
1511  15
1929  1385
1704  475
1182  215
1634  678
928  1392
1591  1830
1553  721
1091  55
530  1030
693  1083
649  837
1434  724
1288  1479
694  339
1373  853
1030  1029
44  1771
1095  1894
1278  1954
1971  54
1021  1713
1364  801
859  949
462  1650
428  1087
28  18
1219  1178
1188  753
851  13
1494  1208
772  1966
562  770
575  32
306  1800
443  1949
389  446
1782  1197
1679  1497
62  1417
1273  1153
330  487
802  978
584  425
1763  446
1956  1163
1743  700
395  892
1580  32
1524  1765
846  1404
74  312
1998  1923
2  736
674  33
747  437
224  1222
426  671
480  1963
648  1771
1506  1660
1305  1258
1738  1658
1724  260
1673  1388
37  753
989  312
799  596
806  832
950  878
34  726
1304  512
1067  296
1603  940
1325  1036
902  285
1367  346
457  1891
980  200
948  129
1319  572
1579  92
1390  1828
313  1382
1121  562
140  1639
1151  331
531  1474
1086  1315
554  751
1120  1803
806  1755
178  41
1147  17
27  583
1882  1224
257  1714
1538  479
1781  1878
153  1978
1584  828
1774  1384
1288  303
430  1580
1492  1307
1634  692
124  1177
152  220
420  1385
573  1230
1333  500
1320  806
204  1359
1000  276
1026  1960
990  1984
1123  765
1941  1174
759  1253
1218  1896
1326  904
572  1158
1323  1276
641  411
419  753
864  125
1312  1719
246  1423
1123  1382
1239  644
1224  1559
873  1335
997  1630
964  606
140  1884
1404  731
445  907
1104  1455
40  1024
1332  778
144  1725
540  248
1491  1641
1363  1190
1813  784
962  815
959  1089
883  1501
537  1205
1414  696
1705  702
890  1023
1798  284
1242  399
233  997
173  680
1293  98
679  650
159  216
1427  994
1662  558
318  934
101  1602
1011  948
1734  1655
1933  537
819  407
640  552
828  975
1102  332
1810  410
565  947
313  1097
1930  985
1884  218
1288  589
1820  1228
589  1740
1604  1811
1712  102
544  1865
570  1176
221  1807
329  1846
1480  1020
884  1449
868  1062
924  69
1394  574
1790  1496
1578  1428
1256  1227
1013  1495
188  1809
363  668
249  1621
105  1187
1227  1093
1705  1557
874  904
917  770
228  647
1357  639
532  1336
51  134
140  266
1677  1264
1916  1453
1192  626
353  1208
1567  957
1495  149
1145  1293
70  1859
840  1686
458  299
430  458
1827  370
1454  1307
1789  1325
781  1717
1242  382
1439  1767
983  485
726  1468
163  557
138  1779
616  106
709  1865
1297  1429
964  1792
251  194
35  1481
1786  622
122  724
726  774
1569  1561
391  252
1836  786
290  1801
304  1586
827  161
1126  1325
607  316
1431  773
1223  753
200  639
1580  850
161  616
1527  545
1673  1727
834  896
527  21
186  452
335  1732
1793  1165
1847  1138
840  920
1131  791
272  652
1636  1549
705  1674
1490  1107
758  665
1261  1350
1932  1313
325  1795
1908  1770
909  1411
378  353
382  653
1870  1727
1855  290
92  158
1490  698
1072  920
53  283
489  434
89  76
920  928
1959  450
422  1627
373  1344
422  655
69  475
0  1617
144  1125
273  100
1853  1853
999  588
1024  560
1498  1332
993  1464
1728  1102
875  1322
388  1895
809  1016
1791  1305
1271  777
1822  1023
1778  524
400  288
630  668
1701  573
1562  551
807  233
1386  1835
327  1113
1988  1311
1825  1264
1285  97
862  1824
517  1331
909  1497
1342  1264
1634  1370
655  147
1507  517
252  1716
665  837
1501  1276
613  1139
257  1119
1863  1468
1632  1191
1912  1581
1933  1789
1658  129
280  1539
1264  420
898  1617
974  296
1007  1152
470  673
1619  1265
1556  1050
11  169
248  834
856  1943
1353  1982
956  163
1185  1436
1137  1779
1010  1787
1238  1405
1537  923
1391  406
716  1633
903  1962
91  1727
965  846
1529  621
808  1618
808  1509
1786  1881
1796  402
246  1920
493  684
918  1156
242  311
371  360
1625  1940
1485  1953
1624  628
928  1929
1597  672
412  1205
1756  1810
1210  148
134  443
1315  1434
1002  1699
789  1692
46  283
766  1268
394  1916
704  1984
787  1075
939  19
1136  793
1362  324
244  1035
1396  1612
1851  820
291  905
1345  1884
1404  1376
600  1708
569  1052
1834  812
900  832
1011  1962
1025  41
1277  333
1702  593
742  686
1837  419
701  866
514  759
775  385
596  1698
980  838
650  950
1155  1372
1592  1379
1036  506
32  1980
295  1061
266  780
182  265
783  1729
491  641
747  1364
1787  1780
1011  1134
1514  1987
1140  310
1158  1907
1474  632
1461  1765
1140  994
1521  1746
1403  192
763  1004
42  479
1592  1982
1981  1527
495  209
261  1317
1077  1556
283  1234
952  118
936  191
1137  769
1397  1689
918  420
243  244
1522  1382
211  1379
1566  1398
44  588
576  1324
1841  150
1010  471
1630  1393
1796  895
90  1944
1397  75
538  1583
734  77
1181  678
531  1076
1419  1616
1447  1689
337  81
542  1967
198  301
552  1590
1775  1468
45  1775
1144  121
283  290
1413  1908
761  862
1995  1098
1489  407
973  728
1054  1691
1863  1520
582  1831
27  848
545  576
1157  363
275  682
1442  133
1826  1596
908  412
1703  419
1405  1921
1917  429
1485  1803
1759  167
1892  1149
94  1964
224  681
588  514
249  1806
1293  1252
1584  1595
1808  167
31  1032
1686  1460
154  1596
696  1209
355  169
1613  1943
168  43
101  272
258  893
1218  1147
1554  277
1111  1494
315  1685
1653  642
481  1693
1774  398
554  937
1717  1119
1878  497
1060  747
1478  804
291  1605
45  872
1531  801
1761  649
1088  532
932  1366
1738  925
1137  663
1437  997
273  126
1273  194
1940  447
881  340
633  949
612  1414
1055  1359
1587  199
114  1628
730  85
1159  1932
18  21
1769  1955
635  463
885  1052
1599  816
238  818
85  1226
1234  42
339  859
555  155
52  1951
1482  1266
1059  1785
1670  1211
981  1186
771  466
1677  1862
207  1720
274  1765
1631  1365
1138  34
672  1597
1442  673
622  334
206  344
1712  848
1843  1954
210  2
979  555
1379  1610
1749  160
1589  1581
210  1846
29  1224
1007  1833
1169  1125
386  225
595  1024
941  488
741  186
851  1627
808  26
1368  1433
160  922
406  871
452  1693
738  1437
462  1621
1126  1221
1687  1513
649  448
482  547
1163  1206
1721  1430
1252  1841
770  1592
969  1080
525  31
581  260
761  1161
1656  1498
1662  1524
1205  62
706  512
1787  739
1829  1710
1050  1827
1773  612
1095  1748
486  85
268  1836
1132  1636
1248  1760
1419  875
1185  798
125  180
221  926
82  467
1403  925
1729  461
340  1083
1291  662
1168  620
1436  1984
1880  1959
713  213
5  1582
377  994
894  948
0  157
913  491
587  1021
1071  1408
162  168
519  1042
737  70
510  172
734  328
1450  1548
123  398
1497  230
299  1112
652  1607
191  890
486  752
1628  234
1147  218
1824  1648
772  1619
1533  1423
1332  1722
1339  378
1131  1924
1985  1452
330  480
332  716
1975  31
142  1312
805  157
480  529
1162  504
290  172
709  1613
1793  1763
1738  1471
1923  4
1173  1968
27  558
56  1740
1451  215
398  1341
326  5
791  1317
1119  312
970  1206
214  1504
128  484
1322  953
1886  261
85  1182
157  239
23  576
1925  1943
1169  140
1611  1723
1307  1206
322  1378
1645  1321
1657  98
556  665
158  254
1306  790
477  61
226  1929
1371  1888
1620  1795
1420  67
574  119
242  785
296  571
242  837
1186  507
1800  796
80  981
1106  1543
504  1255
1397  1151
772  1808
196  734
735  1646
485  805
1991  589
1962  159
1996  287
144  1938
1285  901
876  1666
693  2000
413  808
1951  1085
1353  353
913  1287
1549  1609
742  875
727  983
1577  1601
1829  1887
866  98
1327  155
1621  21
1240  611
832  508
884  1821
1077  131
845  1195
1126  1145
1930  1853
398  561
742  522
1413  295
1492  1856
654  250
659  300
1639  434
1680  1264
305  371
704  190
932  54
1515  912
1266  1946
1952  1858
1057  1945
1863  1513
1174  1624
1257  1932
1369  1022
1121  158
42  1383
467  1620
538  1528
473  496
1852  944
674  251
1014  1266
480  1149
775  280
1067  1490
238  1567
833  1470
813  1886
777  252
1614  595
1592  412
1431  1268
1837  997
343  1280
949  1236
1190  1067
1452  1072
1412  25
438  1236
1566  1538
30  1410
1248  370
1943  1112
1761  775
418  43
1024  191
191  1766
470  1706
1877  925
1357  1799
427  181
885  274
1853  1815
1129  1707
828  26
168  918
340  760
239  1152
1705  852
749  1459
1639  1537
88  180
178  240
1594  742
1897  624
1827  1717
445  603
1366  751
1597  430
1005  1382
491  1534
1422  455
1108  194
1908  1853
1762  1894
558  1665
490  298
407  335
409  463
269  335
1046  780
905  144
1790  935
321  340
1686  1896
504  393
198  308
1906  1047
81  1068
1648  1873
509  330
471  775
1943  1152
934  794
1820  691
1635  212
1250  425
1555  50
1477  326
1307  1059
1668  1573
807  578
1247  911
369  1598
1918  693
1273  1557
791  1399
1428  551
1351  1981
1269  1104
1726  479
87  1885
1493  1106
1994  1746
1989  1737
1850  582
131  1193
204  1421
1241  1279
954  1325
88  413
657  1563
1523  1716
519  1122
1410  1045
1938  1980
169  1309
1580  1081
545  420
1691  1434
128  325
718  1167
816  712
1998  1568
270  1439
1936  1913
112  1483
639  612
549  179
1954  1228
1936  293
98  1018
104  990
1456  167
1594  1194
1078  844
1407  87
813  1822
560  1233
1594  1647
1096  488
1469  748
304  177
670  804
1529  1585
1502  1312
691  454
526  744
532  1461
427  470
294  483
1292  1628
1152  212
720  1664
778  1617
971  270
615  1058
1468  1231
1475  225
1735  1021
1634  1458
1956  1529
1175  1919
1300  865
1638  1889
1945  433
495  1429
1561  239
942  1116
934  1756
325  795
1671  840
860  2000
476  1646
459  30
1021  1498
1580  1940
1600  10
1948  1069
162  759
889  1884
1997  1613
283  306
808  194
1475  1638
1075  728
1657  1651
17  922
1170  49
435  1935
508  1964
1943  374
412  1626
1390  107
879  1335
858  489
201  1732
290  350
1846  1280
1704  1841
824  876
1204  1919
1837  306
477  1062
122  707
151  1934
735  200
1969  943
1548  767
114  1111
1092  1095
1332  104
1532  803
277  1103
1466  1386
67  852
1675  1168
1452  613
474  1430
515  1192
236  1340
800  1552
1392  1692
1005  528
1568  1050
522  250
350  499
1523  972
1462  252
1010  82
72  1220
864  1625
1749  1932
577  511
1017  163
1364  1584
1152  1614
1503  1556
683  1702
45  150
1920  752
755  689
2  708
746  1065
1879  1521
1256  315
1309  1879
958  308
1376  1083
987  1844
500  881
455  91
1049  1753
613  187
106  576
1577  1641
442  884
1200  1341
1203  1338
521  1794
577  322
710  25
286  406
1568  979
64  1876
25  1316
1694  1626
1320  1385
827  790
1636  133
1715  1053
1543  1082
912  1457
293  1109
456  441
1014  1949
483  1802
668  249
1541  1462
641  1812
1134  318
1680  331
164  1467
1400  1129
1453  1842
1252  1241
1903  258
139  980
1738  287
407  1023
1478  1157
1351  1299
1106  1824
1406  954
156  1986
1823  1854
184  162
504  139
1584  1619
1162  1739
1890  1654
1986  367
1110  1607
394  1150
1233  585
1304  662
371  1441
1443  301
393  847
1465  153
1857  477
1864  219
383  266
1312  562
820  1177
1806  1990
1488  1654
794  612
1866  278
356  1403
787  1251
856  223
407  1429
1681  1604
894  489
1357  1256
1295  210
1751  1531
836  351
853  161
663  1555
1472  1907
818  540
1853  1619
262  1461
1136  1740
1201  1060
674  1198
1626  1915
125  16
1742  1658
1469  1699
1877  1564
381  1557
800  1941
1301  1961
888  1252
50  1733
1316  1538
1803  1645
1523  1667
1267  557
1386  1828
628  54
1387  1434
1936  99
491  861
1122  1379
1866  1660
380  148
409  53
1500  125
693  252
1853  707
1963  406
1258  1129
974  891
137  161
178  401
951  655
906  613
1283  868
1094  170
6  1062
250  1771
860  1556
901  855
49  654
936  541
1715  494
853  1889
578  1842
1427  1498
75  1820
1771  138
1324  559
1200  1948
457  613
1152  922
874  1008
731  272
1360  782
291  563
551  305
908  670
1122  1099
183  1037
344  931
1890  1976
1837  1673
574  1660
1520  1303
1017  1586
562  1373
396  612
238  762
831  427
487  1046
663  1565
615  456
1129  1124
1731  666
126  712
986  64
1516  830
1  925
1199  1896
615  161
1065  1173
784  394
547  1165
1463  1930
1563  772
655  2
1627  303
1943  330
1167  1343
489  273
1004  375
1569  1845
1504  636
812  1773
1096  118
184  247
513  1902
561  998
573  1800
1497  677
1362  798
792  1928
1329  162
1915  322
585  1148
1116  323
966  1031
890  94
2000  996
1297  618
399  1019
494  591
241  1498
1322  1735
1326  130
913  1093
329  647
671  979
1744  1360
668  969
1235  469
1179  637
759  1232
1378  456
1960  574
1830  1889
357  2
1432  396
666  1953
1721  863
137  509
1468  1547
1397  340
1961  131
1520  1612
1436  1601
909  1140
617  1929
357  432
278  1349
977  1102
1476  1765
64  446
580  1758
362  1939
581  1476
1089  257
299  1751
248  593
1804  1987
1788  227
1061  1072
1901  3
848  1476
299  102
125  112
754  1364
517  1667
497  359
1362  1660
639  1884
774  1485
1837  1292
1693  1283
72  1133
1733  62
1239  695
239  969
1660  1834
1942  874
735  69
85  1124
1064  51
709  1742
825  926
642  1766
758  1868
826  737
177  727
2  185
1206  1673
706  1392
42  554
781  603
1808  1159
1446  1052
1635  1433
1291  40
695  780
510  1294
1145  752
628  1266
364  691
456  968
886  1112
142  1145
592  1054
1523  35
1862  1088
258  404
1196  119
1326  1552
691  1855
218  58
1935  1587
965  1957
660  127
1452  1091
360  1862
372  482
283  454
3  1343
1960  1679
942  254
1927  215
545  1487
747  191
1955  515
950  423
1711  1513
1371  94
1393  1844
1745  1472
530  1568
1515  338
1969  1910
28  1010
728  512
1381  419
653  1123
1383  913
1113  1891
1632  1626
429  1307
805  1672
836  1159
1065  585
304  1314
1003  723
1100  1489
546  538
1921  1273
174  17
1335  1844
1566  158
1368  887
1913  505
205  275
77  1032
1768  1610
1132  1967
1096  691
1049  1620
1796  960
1841  1640
152  156
1870  1404
222  1258
1801  1853
1111  410
695  640
760  1716
1896  895
138  1710
16  982
318  168
1950  87
1887  910
1317  1733
593  1439
932  988
83  1769
1232  41
1534  1441
573  935
1492  727
1096  1154
855  1957
777  617
629  760
1915  1493
383  1741
1340  1866
667  285
732  561
854  311
669  1680
1547  1519
289  242
191  1422
83  752
1183  1139
366  765
1528  301
961  1874
122  934
936  1139
1117  64
597  500
1493  1807
1949  1458
718  315
275  1248
174  469
350  1161
775  1059
682  1808
1853  989
1542  1550
622  1093
1842  1708
892  1924
1746  1233
1590  1573
786  1824
538  328
1282  562
261  1378
423  1069
241  297
1173  892
1434  1951
419  1256
756  1755
1994  51
923  1332
682  1065
440  1577
440  1993
78  1651
974  542
1616  116
1404  1501
320  169
1066  194
1431  1634
1664  75
89  1234
1151  1306
802  995
204  1277
1733  1463
1788  187
537  557
1290  1272
87  1257
223  1261
790  1673
751  617
391  497
1517  1048
1492  1728
1478  253
4  521
1306  817
1194  414
1919  966
177  986
800  675
713  1876
559  51
316  1530
895  1399
959  41
1951  1249
61  1656
255  1821
1925  135
1727  780
1982  204
1042  1405
1248  281
334  1904
1690  931
453  1185
700  1419
1708  427
1787  680
609  1811
383  771
375  1663
472  1084
465  732
1402  1962
376  431
747  435
1032  1363
1875  1760
1463  1319
1078  1896
25  776
1897  771
753  1574
99  1510
974  1371
1404  178
150  645
1374  1144
1865  1011
657  266
219  1541
1427  803
710  107
1591  1352
1320  1557
212  360
707  942
1907  945
1888  52
1821  1342
1000  478
1762  596
12  872
382  1753
1516  1153
828  1460
1629  1453
765  182
702  1203
1119  1675
689  690
1456  86
1958  692
315  1664
1039  339
1510  1220
384  1748
146  1608
534  1629
1511  64
1317  1610
21  1851
1804  1304
1964  726
1168  1648
495  924
1294  506
1005  1413
1673  644
887  311
1954  7
523  1441
345  1532
738  1238
302  147
1445  285
749  1241
1087  1588
870  164
232  253
1437  1353
1444  1994
1393  397
56  1915
1491  334
976  1321
936  1740
1382  1117
1920  1441
1309  5
1906  686
131  1611
1311  470
445  1941
1203  1872
372  787
553  878
220  1844
1947  856
1504  1880
1395  1016
1172  782
1683  455
1631  39
1532  151
1459  1488
1302  633
1668  674
1832  279
428  860
351  1666
228  1497
1323  1350
414  783
1878  1029
396  64
915  563
1870  1418
1263  778
1346  1561
1768  1928
1512  558
422  1690
1836  588
441  1433
1659  1548
1222  1567
528  116
571  347
911  851
1689  1540
1065  1943
1023  1092
94  977
655  317
1553  503
207  1529
716  1086
295  748
805  1423
420  1262
233  1516
35  1714
112  1232
1632  700
1317  339
501  421
120  1859
658  939
1252  553
627  109
11  128
864  530
1694  573
1255  348
1333  1003
463  1686
1352  1079
475  1642
1246  1673
166  1363
1877  1384
1028  1730
467  37
558  205
1788  40
761  76
12  551
154  500
1029  1132
1053  860
1188  351
101  1626
1148  669
827  660
1819  1617
1042  1191
804  1794
941  912
1081  336
177  368
720  870
808  1713
604  1992
1769  152
179  1219
854  238
447  970
816  1562
651  1154
10  679
1000  706
380  516
1256  24
141  1751
606  1304
446  223
1867  1036
1817  781
1886  333
1664  1856
855  1566
1588  1613
432  1246
1576  1646
457  1207
51  1768
9  715
1360  1642
1148  714
893  1720
1187  1242
774  303
292  171
1088  412
1885  1196
112  1340
950  1799
1008  1437
1968  252
1357  1502
1388  1614
1114  475
2  486
445  1677
1541  511
1113  1145
1110  227
1083  824
325  457
1625  1105
1830  1985
1838  1429
330  1275
729  116
1036  150
126  1852
1747  780
1608  104
1312  338
156  984
1003  690
1668  1225
1596  433
1109  1842
886  1317
1864  248
207  83
1772  1441
1095  1388
1987  1998
280  1410
1555  1471
1556  539
989  32
1921  1634
1062  718
515  42
1755  972
1753  1032
1896  935
235  1747
717  1104
1132  609
296  984
1680  638
1851  813
1846  1963
151  1013
1021  622
573  1873
848  1253
731  115
1892  649
642  1427
1913  897
437  302
799  1206
322  1684
1032  1052
1714  1058
1153  1869
1593  255
1857  1330
1447  148
1175  720
435  658
1623  53
1689  1038
436  1602
1104  989
438  585
686  209
382  1556
833  1035
1053  970
102  1226
632  421
814  1832
1525  39
1014  1474
1560  1006
1220  906
1694  1701
784  1638
887  1826
1666  218
1994  1109
173  1036
492  866
978  1190
1355  834
200  1013
150  1774
292  841
1748  1028
1438  646
1413  571
541  729
174  1302
755  389
1500  1292
1080  461
110  945
993  612
225  163
252  977
494  63
36  1879
798  1454
1758  921
567  784
1566  716
1924  641
1579  583
909  1778
266  526
852  1521
940  1692
1877  869
1654  1576
138  1548
831  625
1689  1835
1556  1561
245  1953
168  1324
960  1030
1122  1439
1170  1690
841  235
938  290
1837  774
675  1521
636  1805
1803  654
1463  419
223  143
166  1953
1270  1712
1127  525
1896  1573
1362  590
253  920
769  1403
1044  1525
1509  887
47  1743
822  245
875  962
1027  94
486  758
410  1330
815  1372
1513  931
861  1990
1002  1209
1850  343
534  1478
605  985
1905  1558
233  227
1813  775
274  1254
70  57
254  1560
107  1944
1379  670
1624  1581
104  647
133  1516
1307  443
1230  341
1698  198
977  1271
671  585
230  162
1337  1285
832  1850
915  1924
1399  729
729  953
537  1176
1826  488
1050  1342
55  1088
1302  1264
1884  1222
1256  981
1017  1632
1087  1809
841  735
602  1495
1933  1694
1822  506
1901  1293
111  767
914  629
672  19
279  179
1716  1800
805  171
1690  635
549  540
1079  1372
1037  1879
1441  1637
1221  1228
1429  935
1684  711
1192  1473
393  1588
523  617
184  1803
1333  1977
1846  905
361  1225
1084  98
646  464
1145  104
176  1117
1591  1133
1051  2000
221  220
1015  708
44  263
516  945
357  166
487  1513
1521  828
1844  204
66  1657
482  1414
451  1937
1973  1571
1762  307
731  691
950  23
405  1944
1149  369
1870  1168
1405  1174
1309  214
1140  1789
1594  1919
1198  1183
1807  1167
1269  706
838  1312
1154  1024
1280  930
97  433
1406  732
456  1854
1315  501
1420  1876
327  835
1441  132
1059  294
451  805
737  563
621  187
1245  482
1080  348
1067  1988
622  1850
1297  640
1595  386
1835  56
764  1517
787  852
830  367
402  347
986  817
1773  415
444  1136
1349  624
1072  1084
575  639
1950  272
588  429
900  1043
142  1063
1364  1523
1432  662
1921  32
52  658
1179  1891
203  385
1411  893
164  116
1459  693
1469  1000
74  1234
1859  1972
636  943
997  178
1854  220
871  1599
1817  1310
824  1169
57  386
192  1918
1853  251
1914  357
680  968
916  1703
317  923
749  1474
698  1561
1343  1481
1780  1824
1688  270
1108  1938
131  3
1645  1270
1423  498
6  1026
1595  1531
697  515
1331  677
462  1003
1871  1629
1318  1556
505  1846
1993  1669
1566  1584
1881  1169
1591  1757
162  837
1006  1985
1009  622
16  116
8  496
1850  719
1262  467
1373  937
117  1980
777  567
184  1479
1047  1833
565  687
1005  1692
45  1427
1723  1968
2  634
745  461
1390  1019
1328  157
782  275
1192  227
552  1623
322  386
484  1792
666  1099
854  906
1603  499
1063  146
1989  987
809  1900
1989  1347
753  19
1460  417
999  1792
1261  1723
356  388
1889  1760
1518  1068
333  1382
632  786
886  1708
232  9
1727  1885
1078  1353
16  67
1065  320
363  1563
1746  271
1683  1924
994  1689
826  942
202  1437
1399  680
1145  413
529  1464
593  1410
1062  1031
356  1793
1336  1339
877  1727
766  268
45  579
1209  1257
1690  1672
1909  288
181  1260
352  47
1680  564
579  1291
1711  1102
719  733
1302  986
1005  1056
175  1240
225  1338
417  370
1826  500
553  130
1287  1564
1720  576
1966  1909
370  63
1309  509
279  1833
642  866
933  126
746  176
1821  1478
1249  220
1866  1005
550  430
751  325
1504  1907
1880  172
544  594
1881  1562
336  1280
69  1068
1701  1563
531  1269
1033  539
345  979
414  117
1154  1224
571  447
866  1446
1517  952
1136  6
1285  81
277  950
1748  1928
425  1842
724  464
604  1704
333  1414
780  307
1683  623
1855  1279
1466  66
1207  1431
624  1377
1486  1471
1884  54
1694  1068
1498  1781
1169  1453
1852  260
1788  28
1578  812
1728  1625
302  675
835  456
1626  1891
761  130
184  1568
275  478
805  1968
673  795
1727  534
70  371
1423  1240
1222  1451
914  126
1466  778
1053  1140
1815  1209
1997  795
1399  1896
787  475
1858  1464
742  400
385  1509
475  853
488  1039
1932  1914
170  1647
746  1447
777  293
1501  1179
1706  1708
1289  635
718  198
1225  742
893  1056
1814  1061
1735  635
1471  664
1300  1384
1029  427
1380  1412
1775  381
1207  1703
659  1894
1415  1510
516  968
766  1148
1941  900
646  781
614  230
1084  591
140  389
332  765
548  2
966  542
101  849
708  442
856  503
318  1014
704  1020
563  872
1109  952
982  1499
1114  1772
1654  1329
446  667
1373  458
413  1988
2000  1483
157  1211
1054  302
1989  475
827  455
1109  454
17  575
1189  78
440  750
1359  590
1173  487
1545  1357
489  1908
1621  1439
614  144
325  1356
478  887
792  627
167  112
411  732
1074  1570
808  997
1173  556
1655  558
767  1882
1049  745
1531  1117
1955  1216
1160  1485
1743  627
998  1971
1805  124
620  547
717  1946
725  384
1765  184
1605  1876
389  1463
450  609
1181  1990
555  1423
551  101
232  1206
396  1645
1821  186
836  498
645  1004
464  1148
1510  1680
189  726
1022  1044
334  1688
1228  454
1759  15
1706  742
626  337
1046  625
1437  740
868  119
251  260
355  288
1596  1066
819  966
676  720
184  1648
1413  11
1249  1312
1505  1241
1488  449
524  370
1330  1195
461  1024
161  641
1251  222
1015  179
1539  1331
885  1806
1008  523
597  1350
1082  1324
1657  611
1189  50
1237  431
1154  1779
1070  1208
1032  503
1056  1030
817  206
1707  572
688  314
792  1479
1090  1116
1413  1885
424  1708
1297  858
484  202
981  648
637  1335
1784  938
1592  142
1350  90
298  219
483  1777
280  1177
812  1181
1444  971
1159  699
546  1130
1878  1080
1121  754
473  1462
868  1778
1632  1243
568  989
1887  1015
1161  170
415  736
1847  1310
1573  1899
108  1486
641  897
736  1999
1501  571
481  650
1082  1542
1239  1105
1351  1696
1960  296
1885  1797
1383  1840
1547  1284
20  558
1789  334
1083  582
841  1377
513  1643
949  1113
541  1261
1862  988
736  1839
1559  1708
1899  1871
1739  1726
1425  919
70  1780
1208  1767
1754  1098
1785  1223
1463  454
1913  1514
804  1168
1390  478
269  374
1307  1746
625  1388
859  1113
1860  41
765  1483
822  1478
1761  1406
1185  498
549  901
1280  1528
864  1907
1611  1425
640  1500
528  259
1973  1680
77  364
891  630
396  1119
222  183
458  436
1583  345
1575  1491
60  1830
1422  711
472  499
1253  1164
1559  1281
1497  1451
599  340
1403  231
381  1068
936  249
1697  926
470  985
65  615
53  1498
118  1787
1880  1302
1547  1134
209  1252
1981  661
382  1844
980  618
673  1171
1714  1690
1802  761
580  146
502  143
685  1161
1331  567
1388  1995
1301  705
1474  825
212  1272
78  651
248  615
1840  177
1556  1736
1021  18
121  404
701  925
1621  277
1471  376
1757  1428
1474  283
918  1962
1153  1311
1334  1114
589  1730
656  1805
261  88
1922  373
1019  213
837  1959
1220  1317
1270  1395
848  1821
19  1803
182  1594
88  1919
1699  1833
665  18
1076  338
1840  1766
579  1993
1303  1585
4  1592
728  1839
1568  178
1942  716
1846  98
352  1203
1113  1939
1746  119
911  1237
1248  1116
55  18
1917  1826
918  976
1992  1572
233  518
310  572
1302  855
1871  1415
1895  333
995  924
1905  1661
1926  319
69  1457
1995  990
1713  914
131  988
1328  512
715  335
1939  879
1723  418
767  508
151  1620
1474  60
437  1672
694  1579
945  1008
635  1003
614  684
1410  825
817  1052
527  203
1789  1437
868  96
1277  1438
1081  1360
221  1357
1702  50
101  392
331  187
1512  1762
1256  454
1606  1804
1998  488
756  1505
644  1484
1778  833
942  1559
962  312
1144  1159
241  1551
1609  1005
330  937
652  809
1442  476
1534  1743
1199  92
977  818
1941  1706
607  710
1904  948
649  606
1350  465
1369  1304
905  1289
1336  1777
595  1119
1683  1620
980  1950
240  190
1458  245
214  1647
1699  859
1908  1136
1069  957
265  1154
435  326
1267  1677
634  986
862  1966
1272  1182
1451  1862
154  1188
224  1727
879  1327
630  1162
1619  1154
1834  1229
1957  1153
1254  1975
1504  1809
1072  1879
1995  1445
735  1161
1291  1498
477  1041
1166  1867
930  208
271  1894
1310  831
1509  773
1965  527
1778  1737
1624  816
1176  387
301  612
466  1338
921  1660
1297  590
1397  490
1933  6
199  1186
1630  760
1382  959
1482  67
569  1489
1775  1507
1189  1217
326  1232
763  490
1394  357
1380  1490
1706  1429
1950  1867
1942  887
1961  163
155  1652
1418  334
743  277
271  1383
1410  1267
237  1199
1134  84
1812  836
1454  728
416  935
1906  1805
750  735
951  1541
1152  473
1737  563
962  1304
57  1379
701  625
152  783
1572  136
1283  669
916  1884
1884  650
872  119
850  317
1433  1080
143  1861
1708  726
287  1675
32  448
1670  403
1352  1510
1376  1599
281  1085
898  1249
1742  1977
1634  462
600  1215
1578  1467
1989  1568
133  80
1325  206
743  1181
1655  1398
968  85
811  294
408  1311
1794  1602
278  1790
293  301
1660  1367
832  706
1829  1471
105  1862
177  1983
840  559
1093  1723
920  651
1065  36
1432  566
107  539
555  620
1618  1251
118  991
1092  278
1532  1676
1354  1304
666  208
179  1975
949  1571
1583  158
1182  1868
946  899
1474  37
1437  1880
891  1558
555  268
769  1567
793  1515
1220  1811
1863  217
311  1755
1968  449
55  1418
1571  190
1842  2000
167  1048
914  1726
814  739
1334  471
936  1791
1284  1753
725  172
1384  1077
1833  175
1276  460
164  416
1544  1610
923  1871
1413  671
21  533
986  1131
681  384
1456  6
478  344
466  1216
573  727
6  1035
302  1421
469  3
445  1564
565  1904
560  970
335  203
1321  1386
1308  883
1793  774
310  1977
753  810
1239  806
932  1884
1558  515
304  993
1133  835
1545  1070
519  1817
1881  452
1137  1213
964  1179
1036  115
969  80
1146  289
1353  1187
780  1680
224  1403
491  1360
694  1863
1734  910
1729  1168
1999  1739
1790  864
1562  463
1570  1420
82  362
1717  447
735  1975
1724  590
671  1560
301  526
1964  1121
63  1501
847  798
1237  382
1138  552
1341  364
1062  604
568  541
365  877
1413  824
1102  440
821  1103
598  9
219  796
176  1888
1018  1227
673  1142
1588  1907
920  1136
1220  1900
1226  1272
844  1648
1581  176
546  640
1756  328
1413  1419
1013  929
1032  623
248  1825
1614  948
1346  1351
219  666
637  1898
571  584
992  1601
599  774
1308  1720
1040  973
892  1813
541  579
1746  86
95  1833
575  831
1036  1410
1931  1080
968  1498
1425  1086
1572  1794
1697  602
1168  418
1220  979
696  1396
1320  1865
49  1603
885  114
1205  1910
49  1745
912  905
1436  539
646  130
130  128
550  0
812  945
320  41
1690  1182
1239  175
1119  1123
462  481
1140  838
668  1487
1735  1047
600  1764
1045  1990
162  1550
1955  990
307  1706
862  412
723  1458
1302  1116
162  151
932  1716
1521  1475
1905  1089
176  1063
1223  1261
6  820
1057  1457
1737  931
506  762
1917  988
1756  760
1108  671
1682  805
442  276
1458  1496
604  394
664  345
1900  1826
730  1840
565  122
1436  1166
343  729
1316  1600
377  707
687  1252
1941  704
391  902
1733  40
1941  1074
1657  320
1777  174
341  432
905  856
1620  1664
971  1905
580  458
953  397
524  519
29  1237
1169  1545
1484  63
620  317
1885  359
1500  1050
1581  924
1734  299
1324  1547
217  1629
1229  601
1363  98
1795  508
672  1831
685  1980
1685  59
1382  613
1538  1538
1012  1043
878  1952
918  1921
308  1993
977  714
830  837
59  1805
1243  448
1196  57
422  177
901  605
1261  574
107  946
1382  902
304  1427
120  1460
514  1661
1873  1147
1147  410
599  184
1849  1370
886  1053
1100  1601
285  771
72  950
377  1871
1063  766
998  303
1832  195
1618  561
1986  186
1317  577
1383  303
140  238
1362  548
1567  1237
499  1117
1642  1093
426  1702
176  1654
710  1670
269  999
1923  1942
1726  1044
783  1262
1969  259
1516  1954
624  1767
759  1494
366  1751
899  37
1348  471
1354  1297
556  494
1070  8
166  37
1357  1090
347  365
990  1012
1344  1769
325  962
1733  1339
1922  710
695  1841
1386  1236
941  438
1354  1985
1604  586
1592  1855
351  616
1276  211
596  843
944  1507
843  69
619  729
1681  296
1039  1336
1388  1657
1901  1980
1526  439
1072  197
1053  1231
1467  229
410  636
333  1759
1194  469
1977  115
988  1276
824  515
1117  157
1678  792
393  1912
1580  813
453  186
1008  1980
733  493
1395  1460
971  1522
294  88
1714  632
1170  1577
345  647
1252  515
1531  178
400  251
838  723
587  1841
1455  1611
1181  1628
1665  1426
1430  1714
470  1593
1053  1895
798  960
1063  309
1339  1071
1181  1940
1180  600
878  1860
1646  123
1393  1542
991  4
661  1349
1843  1999
461  183
112  1607
1037  851
785  1145
1547  1248
1969  480
335  252
1750  255
1620  1240
238  313
929  1843
178  311
850  1990
798  1234
1693  467
1114  521
1881  4
156  555
1320  1199
454  371
15  309
200  722
984  876
1035  1903
838  461
761  131
432  1161
833  1243
387  1609
901  956
753  1922
304  561
282  888
1762  1392
1585  410
588  1970
942  324
1748  755
964  1722
162  1774
1252  1192
940  455
134  803
101  1404
729  1748
1623  1086
253  1497
597  3
129  1645
1373  948
1576  1850
614  1469
1017  1558
1741  863
184  583
1400  1269
1506  1462
308  2000
857  1508
670  1881
722  1441
1575  188
763  333
1964  1808
439  1941
1939  215
1663  338
957  1304
61  805
860  1348
552  301
604  615
1692  623
204  787
434  1923
1587  1416
1540  241
1972  779
1973  856
93  253
492  1644
117  643
1965  1111
1981  1554
806  1581
1310  1825
360  1750
937  971
1249  1935
1150  1537
1454  1224
364  1282
594  1645
23  558
1021  1044
157  358
76  621
1781  846
1999  118
1570  640
1074  209
529  147
710  535
1930  1570
648  1528
1901  1408
123  1996
597  1815
1635  1698
1915  345
1521  75
563  1239
1077  705
1823  1988
356  1258
365  864
165  1252
874  1028
1277  1631
938  445
905  697
172  676
1439  1940
34  808
741  195
1817  176
140  479
1369  1212
628  742
686  1094
323  1313
1418  780
469  947
1076  448
1170  660
1627  993
1888  1377
1753  1533
414  1924
314  678
1344  82
776  1353
1691  1027
1778  1325
1655  1833
908  1332
1519  539
784  1840
287  929
1046  1554
443  1713
1294  264
1659  970
1201  1476
1049  1428
1540  1185
828  1636
1461  1301
913  1859
1581  1202
374  1563
1698  1017
1530  1043
1184  120
138  38
1589  424
1032  1091
631  1748
1810  1890
1088  536
1241  927
831  371
1143  670
194  1336
758  759
1254  1162
921  1853
1694  10
493  933
203  1216
1997  992
46  669
686  990
1563  178
1398  1425
1083  979
1656  1574
10  528
1346  1727
115  1446
1949  1140
1097  903
1278  1129
1691  140
1652  634
1081  18
1035  1406
823  1759
893  1844
65  1382
1880  1563
126  1895
1219  1918
561  1356
1654  591
1009  1171
788  635
1911  1267
1525  1729
1989  219
374  1320
721  221
236  292
1720  1654
173  1945
884  1448
764  1802
619  1269
772  1714
751  1909
120  1608
1809  804
450  537
1457  1405
727  1995
897  758
422  1753
1539  1053
831  904
1550  1768
828  1893
856  1059
838  1531
1841  470
539  1901
1057  822
387  499
251  338
1302  1148
679  232
396  1257
496  1277
666  823
1440  190
264  1815
1649  342
196  732
341  1992
1234  135
1097  816
1250  1862
1440  564
1002  1909
793  964
18  709
1887  92
1817  1153
477  1690
65  732
1793  1318
392  916
235  1379
92  1647
0  1044
1364  83
190  596
1882  1972
931  575
524  550
423  53
130  1399
145  1319
675  310
1373  94
1185  1134
1065  1813
731  65
1693  1800
1099  1918
1060  108
239  1132
953  1260
769  1019
787  534
1917  1293
1455  1133
618  377
1294  971
251  512
1013  1430
135  165
1752  691
326  929
1544  954
353  359
188  1902
1214  1427
1208  1550
500  964
1672  1195
453  511
1090  160
1950  11
1845  812
1567  1658
698  625
118  334
1465  514
1015  1927
1782  783
393  1949
3  994
243  972
730  323
323  1283
1122  545
1507  1123
222  176
1239  270
1176  364
956  1337
94  355
596  689
1611  1441
841  1278
544  1111
1424  424
1437  1792
422  1242
969  1063
1020  56
382  410
261  648
1337  1214
714  608
808  1404
900  1346
1903  715
1287  1065
1459  1865
16  845
452  768
1944  1985
473  1141
1996  1336
1794  1702
1603  976
164  975
350  1245
1913  1470
1156  500
1352  534
343  1494
1894  715
1615  663
1497  490
227  1560
1722  1392
1149  1957
1697  1416
701  1454
675  17
1079  1655
1112  731
1658  921
367  246
1815  1402
1304  233
397  493
67  79
1525  1429
662  1857
531  1349
481  1660
770  1834
612  37
1361  136
257  389
689  1567
1203  1386
1627  941
823  1215
255  1202
660  1441
1899  994
317  1926
543  1294
543  83
472  642
1782  1066
301  645
1430  1514
1061  92
126  60
919  947
116  1065
1288  352
700  1676
347  322
1441  1412
980  619
1302  606
952  1936
516  1654
615  1895
1751  1306
1724  1263
60  495
1921  1423
782  304
1457  29
677  1470
1935  85
1900  698
1467  895
361  296
951  802
109  279
134  760
1009  831
1049  749
1949  1345
1311  595
1412  266
1799  432
1080  678
240  178
1423  1168
1774  1114
1869  1892
1052  972
1380  195
1984  1387
938  668
55  299
990  1217
1452  621
1734  720
659  91
1042  1512
416  899
1247  1522
1014  1742
115  631
653  918
654  70
581  1917
65  1531
1803  1734
129  823
1946  227
641  1996
130  1433
566  552
1439  1170
682  601
1648  763
1496  141
999  1418
1571  475
176  1847
338  1862
74  1675
374  189
200  1475
26  1649
74  1638
1944  160
1846  1435
1358  503
503  430
1340  1417
1004  1753
355  1159
592  132
724  1337
1853  1239
1355  1698
623  919
1507  1654
1584  384
1047  1559
800  1999
769  646
867  1937
705  1424
125  156
178  1676
48  1876
105  180
572  1721
1421  1588
905  73
1477  1847
545  1635
785  35
857  1825
1883  1829
824  707
1714  923
1200  1283
932  1702
214  1110
297  1184
1450  695
1817  669
494  1816
1641  333
1167  820
1904  1834
1816  1348
964  1774
354  1462
1394  1499
1509  540
54  258
442  848
1679  486
936  1922
1913  454
1583  1295
1759  1714
266  1399
86  1741
1541  1851
1039  1878
1356  1524
98  1935
1098  57
1656  1433
529  265
1999  1905
856  22
1439  1632
1310  101
1984  1494
93  91
1273  1288
1052  1713
932  1973
268  282
833  1812
477  1063
1876  422
1842  531
53  1777
1545  450
71  224
741  193
749  1584
665  455
243  1101
709  567
1533  442
7  174
321  148
1424  1134
1302  360
232  1501
1440  1642
1934  1200
1245  1093
848  488
862  1456
112  292
378  1715
267  563
1620  1727
1675  102
1165  1239
1938  439
931  435
1941  266
1992  26
85  340
1975  1007
429  1344
1773  937
1025  205
774  1376
449  1048
965  1034
1789  149
1445  1544
1328  914
1492  794
1376  131
153  292
1426  1398
1798  1905
827  709
1988  267
1889  176
62  349
997  417
583  189
628  1121
621  1489
928  1739
293  1797
794  594
1192  1515
752  168
733  1849
283  1513
1657  53
1418  718
499  390
1503  497
517  946
243  1351
457  129
1178  1314
380  1390
74  1130
1831  1058
1733  643
1093  591
1710  173
1384  369
1204  228
220  1694
1952  1099
1804  1399
384  1572
685  1262
1227  1177
1733  292
764  1602
269  1139
1719  1975
130  226
1084  823
702  668
1591  1245
1793  1538
1238  977
419  1695
215  1388
833  806
1147  1420
1171  892
284  476
1946  297
1231  1674
1460  80
1168  338
1096  1187
1303  11
602  68
1169  408
526  791
1383  1002
1524  1018
570  1782
1942  26
1605  7
1663  1225
789  3
220  934
1641  1743
1481  1284
1625  846
1796  650
293  284
838  859
1393  204
1358  156
1964  270
1182  1850
981  633
10  18
934  785
1607  650
628  1460
1780  1171
1836  323
1159  1001
944  842
1083  431
523  989
1955  1398
1694  206
1718  937
105  629
1634  555
919  1152
40  1458
1523  1479
1924  806
319  1511
262  1058
1874  1088
188  597
577  95
1627  1958
875  716
1908  1703
1839  986
97  1885
179  661
940  305
1549  1225
1490  824
1300  1335
259  1563
1424  907
555  1967
871  1440
388  346
1106  1542
238  1022
1729  78
1590  248
1753  1495
329  52
137  235
0  1278
491  288
1783  1187
1994  620
914  1194
1005  190
1238  148
632  1742
626  44
38  837
769  10
1442  60
985  1006
1124  112
592  1608
1347  595
83  223
848  1647
1525  947
1520  1923
411  548
1803  930
1905  289
1244  921
469  1563
1673  497
1397  970
1668  517
854  166
1453  541
114  1822
111  510
1284  1513
1919  318
212  1098
844  1025
1910  1995
1192  288
777  176
1102  1605
1289  1213
221  1446
863  279
1742  461
586  566
568  1209
1597  1338
1615  1993
1836  695
467  1413
301  1157
373  259
1144  616
396  1997
1045  1677
126  302
1354  713
771  685
1273  60
158  1042
1253  1767
1363  1056
1864  1036
277  954
833  1210
742  1398
1434  561
1791  1459
1124  1119
1331  1128
1345  39
1795  1773
947  588
1775  655
1009  650
1365  534
451  1000
1970  1489
1937  768
1530  526
1831  554
1149  137
188  1658
612  1573
20  705
445  634
167  194
1585  1765
1194  626
225  1968
1983  829
1344  329
1164  1924
1277  96
338  1661
1073  288
1600  1292
1000  353
1215  1551
1636  658
1694  1562
1234  418
1496  1415
932  1520
310  1142
1611  345
1163  498
1222  658
924  534
1853  714
56  1942
1097  1855
1207  1177
616  566
337  630
1340  631
225  1714
1062  1994
560  1405
1683  1488
1170  730
1483  1937
1403  31
837  1958
1478  1603
970  550
568  1857
1590  96
1972  446
689  492
938  1062
1134  1224
661  683
493  955
927  1993
1806  397
1788  1049
1434  1003
1590  1601
1979  484
1121  1516
1213  82
1724  1491
1935  205
542  1454
1098  586
198  1524
1450  952
1879  2
470  889
77  1041
1560  213
100  900
221  586
1174  1001
1682  1814
1240  684
1004  1748
46  1451
636  1983
1699  600
979  863
530  1452
62  530
825  407
1291  1682
66  1369
172  1654
65  585
155  1944
314  1507
1323  1253
1927  1509
1647  1897
1995  1072
290  639
1273  1192
638  1371
670  253
1602  105
1726  1573
1386  1725
350  1268
436  1131
71  441
531  1211
1440  87
916  593
1699  1657
356  1790
966  189
28  932
340  1976
1746  1319
949  422
1434  1311
1999  141
1093  1019
1960  1666
1938  153
1122  639
1761  403
174  977
609  1230
570  1076
274  1058
274  391
1936  1689
1633  1235
1279  821
604  901
303  1535
1312  435
1694  1941
1776  88
1974  140
999  172
1236  529
263  1524
985  1914
150  1588
592  1442
211  509
1096  1535
1444  679
1566  328
1051  1780
497  458
23  731
1505  1011
594  734
790  1690
99  1568
1422  372
1075  415
1103  481
1535  1223
767  1577
923  549
987  388
1805  251
815  1702
1989  1389
1393  1174
474  1997
352  636
982  671
1225  493
1725  746
1653  57
1710  902
90  1756
1024  1971
20  1646
7  513
1794  845
320  1878
384  826
1085  947
472  1627
1244  635
303  1658
466  1163
939  1854
440  498
1332  60
1489  63
1084  101
1930  200
1075  80
1471  760
431  569
1703  782
1883  565
116  1289
1244  1471
1779  1274
297  1364
1583  98
1640  433
1812  1489
1975  965
59  1150
1570  752
1415  1728
1030  990
1594  1382
1155  1416
361  1190
1049  1155
986  1743
772  1953
1553  1615
229  49
841  676
385  132
914  752
586  1841
22  1395
135  953
1785  872
1365  318
646  503
304  214
1457  1279
1098  920
622  1645
151  1538
253  805
684  1684
420  143
764  583
1970  403
1410  209
406  1736
1134  153
828  370
1653  1820
1232  1046
1456  1571
1898  438
1742  1366
1987  72
1267  1514
892  539
1133  1845
357  488
1684  1169
1311  1029
400  62
1416  697
667  636
1664  269
764  139
787  155
1896  684
1017  191
999  1209
1527  1917
10  1782
1077  435
1819  721
23  1357
1943  1875
1841  699
1259  135
870  1271
493  1468
559  532
1462  682
1476  511
1706  947
1261  1885
1043  1055
909  1269
1484  1164
177  1546
201  1189
508  1529
1765  1547
714  947
1894  1927
27  624
363  43
1672  337
1889  628
1370  1855
510  1988
796  1899
1644  1029
393  555
1566  1800
1601  1774
985  425
372  1388
498  576
288  1417
521  1593
673  921
1828  764
697  1089
201  1200
1404  72
18  1438
685  1237
1643  1607
1496  1186
454  1288
723  1254
1338  418
1730  565
1914  859
553  1054
1031  1406
1450  561
332  1685
1876  18
876  176
1140  378
1550  1415
365  656
1330  599
1241  1368
787  362
349  259
1935  1155
1896  1679
380  872
1579  888
688  801
1588  961
1388  1226
228  1998
763  434
914  858
