5000
1499  1690
1868  56
1602  1500
829  1113
483  941
433  1525
1835  981
1803  822
98  382
538  551
687  567
598  1597
229  318
1990  39
1275  1410
138  931
1460  214
1277  539
1332  115
648  886
350  319
1132  800
787  118
1298  564
379  81
543  1659
483  1066
68  469
101  1426
1694  85
322  358
1558  1916
17  1583
1665  1469
874  470
912  683
1313  1862
1936  1198
1733  1701
348  836
624  1374
235  1535
509  801
363  66
802  1461
255  1899
1257  1868
759  1935
95  992
1778  1951
1704  1584
767  106
1661  1304
56  1737
1423  1868
568  516
368  1524
768  1299
851  393
161  287
1401  1798
191  1272
1975  381
320  1549
699  375
469  157
539  1638
1065  1520
1330  1904
727  1227
490  1868
535  1651
945  39
1000  838
986  417
526  1298
1076  1637
700  1029
1166  125
894  1443
542  1252
1026  1651
1682  1210
372  488
1028  233
1275  223
851  1427
1608  1816
314  495
947  1752
4  1408
1724  1874
210  371
194  793
18  635
1506  1446
1098  1088
653  279
1484  269
102  354
1598  1050
1871  428
1661  1844
1461  833
1896  1150
429  918
231  1798
372  1376
1900  1473
1298  1936
1636  579
911  1876
336  676
420  397
1675  62
1566  713
1774  1370
209  1692
1614  1318
1268  523
1333  1131
915  387
629  1584
1073  690
1391  753
1134  894
1997  1638
45  1868
1902  1766
482  1123
1921  294
629  50
1580  319
956  65
514  1669
1474  1030
1896  1759
161  158
1637  1544
1829  1588
32  769
1294  1650
916  155
1582  1705
1856  1441
1273  95
62  280
1039  441
1633  727
923  1437
293  1101
623  1255
1615  113
346  1063
240  1774
1645  1650
923  1322
845  1135
666  972
976  1479
572  225
1333  62
1816  896
1344  1593
1986  79
684  128
412  1296
457  258
133  1654
18  1949
1589  1873
222  1934
288  1689
1191  1912
418  718
1531  1505
1503  1307
1573  224
1784  1486
928  1211
720  1241
1861  1319
1468  1860
218  1155
639  758
1433  938
1346  530
1845  1102
1970  396
1457  218
1355  1006
1027  1893
1578  74
1318  1533
1168  1514
292  1642
840  553
915  1544
1948  1728
979  930
1875  1453
44  543
156  1168
910  1204
294  1312
841  827
1642  1120
1045  364
1104  1338
1124  1966
491  987
32  522
581  15
773  685
95  1213
572  1506
1317  1852
1793  350
1093  1321
623  1675
555  323
1139  1229
1728  238
1333  1295
771  1995
1544  1482
496  2
525  408
1979  1959
1210  464
1541  1823
1308  354
1825  654
523  332
658  412
1028  103
1330  901
272  1488
1135  143
834  1732
921  698
1456  1188
668  1133
1398  1204
1410  1072
597  161
183  30
1034  1273
147  249
1723  1110
1607  1152
196  1927
1576  1960
1444  40
1267  71
1586  115
1987  1134
1220  1095
823  1031
1917  302
165  1513
1078  1184
253  63
510  414
1352  127
419  1051
1922  157
1755  817
426  497
565  1930
409  279
810  996
1484  565
915  1227
357  294
982  1359
1152  1547
1218  1046
1202  1819
355  1146
61  1677
1921  550
1771  1753
1495  1711
605  1280
1225  1895
1341  1757
1715  615
1625  1724
316  422
945  1835
686  1349
1858  392
386  1826
1459  1373
1536  1958
998  934
140  733
866  1404
1796  394
52  1751
1978  338
518  1873
1548  1535
75  780
1370  1338
1049  763
504  1748
1447  514
1834  1362
119  462
1852  1221
1239  1655
316  482
185  339
1064  405
644  1247
1080  635
937  912
526  1588
1394  694
1848  507
164  881
646  1968
1695  1195
872  1304
666  547
1394  1673
960  1473
1323  1797
1489  1652
115  688
1222  512
1856  383
94  1846
1314  1817
698  968
268  671
1455  1700
1926  908
1154  1310
1461  1596
1563  314
379  552
1376  1092
1183  381
654  1992
123  986
947  8
27  1058
1922  1219
1815  149
463  350
994  1921
63  1823
1058  742
937  1026
4  975
1244  1282
1175  386
460  1537
1158  604
104  1307
784  323
120  1557
513  862
320  9
878  798
1553  429
1520  711
347  385
495  418
1426  1634
1561  786
569  1533
958  1290
1570  1121
812  1862
6  123
1955  1947
637  1877
273  1841
666  533
1489  1508
1777  1795
1144  1673
1813  601
724  1670
4  1555
1479  1413
1132  1351
922  1193
1164  42
611  979
881  957
1534  1574
1681  439
1219  1464
704  1774
1459  533
1753  1727
1552  1654
351  1198
1999  1342
1028  706
1267  1248
837  1141
375  1453
1045  1780
1757  1942
1419  1633
525  221
1508  724
248  1060
775  334
539  821
1599  539
565  325
348  1597
925  1891
1681  787
572  1212
821  1202
65  502
1927  7
1170  1825
1137  1189
258  1654
1635  1402
402  686
240  323
502  151
1880  714
1765  1225
168  1307
494  1942
511  860
405  1243
1022  474
1812  1669
1969  1665
120  1622
1571  476
924  1820
335  1319
383  1803
1902  1684
1298  173
678  647
1393  1569
1653  917
1832  1953
1199  1074
1067  1754
1253  1563
849  41
1839  218
792  122
497  1553
493  881
563  1984
1720  171
1996  1583
1023  739
1666  1112
1708  1383
113  1663
1763  1635
294  952
1876  906
1255  1701
697  1980
1830  1215
506  1901
656  779
1830  1317
1438  966
292  1859
429  144
1746  102
1973  1202
550  185
846  1691
1104  811
461  347
1390  229
1959  1040
557  367
1223  560
1234  1044
1962  1146
369  1261
970  1282
1170  41
82  1875
478  242
375  367
1352  1528
173  903
1882  1968
1994  159
871  1940
900  436
868  257
1969  1339
1051  1927
1806  1735
1305  1325
139  626
686  1339
813  1632
555  1094
1215  349
415  1698
13  561
1211  909
217  242
1243  366
726  1128
302  1011
1966  1176
1212  1846
1111  1833
103  426
579  1425
1491  530
408  1992
1747  1906
333  1144
839  1641
102  482
150  1911
833  1229
1248  1972
1853  165
500  881
117  554
765  244
182  1190
251  196
94  1063
355  427
257  609
1899  1205
1263  1497
1377  1026
787  1564
403  1804
1655  84
449  494
200  676
212  859
1872  338
463  1756
526  1020
1926  573
689  895
891  1675
1601  252
175  1279
1113  962
1642  527
233  1475
1194  1836
772  892
1362  886
1759  900
1999  717
877  780
821  56
1678  1790
1452  741
475  1709
396  369
78  1381
1930  1964
1080  1469
1059  1587
1821  448
1271  932
1104  526
1839  525
160  1262
1861  973
1756  1078
1138  572
1866  694
259  573
506  246
97  1517
1394  1476
1931  1141
332  332
1394  1183
306  812
532  1794
1768  629
1781  1659
851  1423
133  1923
1743  1937
16  293
1034  442
294  1920
970  1081
823  1764
176  864
1669  357
1285  785
662  374
113  97
240  350
114  854
1429  1839
1443  795
1076  493
140  449
1206  1304
141  769
1500  1445
1010  1746
1128  1894
1928  619
1130  639
139  1024
1178  255
782  526
1228  82
928  976
776  1059
513  737
1485  583
1914  1210
1164  1051
458  852
237  1415
1791  1073
607  120
775  65
1335  129
319  520
270  730
227  1245
1704  1305
490  1629
569  1198
1926  506
630  324
1507  318
1925  1455
1330  1798
1160  325
1711  435
542  1420
1960  1451
236  991
1626  1385
1396  1827
1736  294
1473  1097
1706  1644
998  227
1977  555
236  1879
1399  432
195  75
1620  454
1379  1883
1072  1453
906  270
502  1610
465  890
941  1496
1987  848
1765  44
1769  1166
1585  74
1807  128
208  1597
153  137
626  1681
1479  1569
941  427
1617  1741
158  969
503  1298
1462  1043
1295  1568
1699  115
1959  632
65  368
9  729
931  1874
1437  604
528  568
1823  844
1038  546
1255  406
1791  827
1759  1054
755  901
1041  784
1993  1976
1985  1376
289  1384
1604  1110
1690  338
1289  1709
253  643
721  1811
1429  488
867  1606
1049  107
416  1717
1572  346
1101  1580
667  617
757  514
541  1277
924  1870
1609  7
749  10
935  1371
102  357
397  1107
1281  448
796  786
1699  282
246  1266
990  1087
358  1495
115  1017
248  846
1954  596
1098  421
1350  378
1761  564
1466  971
1952  1401
1873  612
490  231
41  474
1025  1880
350  708
1502  907
1555  1420
1785  218
969  1406
635  682
1766  230
619  1742
961  1360
753  976
435  36
1086  740
1776  1343
1110  370
1930  664
597  1723
1922  1165
1129  1165
1816  375
60  538
1713  845
1163  894
186  821
1725  506
1816  323
822  503
710  1913
992  256
1051  838
470  347
134  809
579  1529
1381  369
263  1838
1396  398
396  1775
1130  627
1660  1673
1138  919
1461  1674
1272  219
1090  1559
89  1205
635  1024
127  821
23  216
796  1015
1622  1512
1827  1313
1303  365
1366  1426
289  1664
1801  25
1930  1892
1224  204
1639  1510
1657  994
664  1377
741  1491
264  723
1458  680
681  436
628  1698
1795  1225
952  1703
395  1930
1359  1181
1783  1303
735  617
658  972
1214  1434
802  289
1425  1106
678  43
1942  460
546  1587
499  1639
1625  588
1748  1658
1290  1762
1279  360
820  144
1858  759
1904  1673
167  1229
739  1735
502  1920
1237  590
503  1859
1989  1594
635  324
337  978
650  1980
711  1544
1199  250
1467  334
1902  1180
923  774
1941  1272
1190  1700
1682  742
1401  1068
901  467
1061  691
976  610
1276  685
1625  635
939  513
234  660
767  359
1543  680
814  1889
1639  1194
951  1693
94  762
1946  501
754  789
512  1456
922  1101
1934  510
280  1610
419  1493
1901  845
1929  1878
1362  232
1844  776
1587  468
903  279
431  1538
1988  547
1036  706
1017  42
962  24
439  77
1818  1957
1512  1734
552  1975
1749  145
585  132
1051  1495
1826  1041
745  1120
1042  1304
1957  499
1395  379
434  197
958  1265
1219  157
51  709
1055  492
1883  1427
251  1314
1014  1465
1653  964
1410  168
1308  589
321  720
1909  1838
1039  1892
1534  127
493  233
1238  618
1877  898
606  418
970  1161
1114  1970
1732  993
1353  1468
967  1495
930  1527
252  1097
1370  1945
1563  1727
337  55
802  1496
156  1049
1536  1250
390  1246
764  1511
1764  709
1508  322
781  557
138  112
516  1091
43  859
172  3
252  322
778  209
347  1636
41  751
48  1831
829  139
1380  900
89  382
345  118
1805  931
1018  367
1814  913
255  400
1997  179
1273  406
459  788
1610  1443
771  648
1903  209
946  1044
1410  618
225  1695
165  601
27  97
1351  1190
502  713
887  1265
1239  1863
160  271
1897  1628
1914  1993
1418  927
1975  1419
1917  1343
1158  1691
1278  1082
1840  1109
1647  1321
395  555
1225  450
1165  848
1285  236
1630  90
56  1808
1473  1319
467  1071
1672  1870
1646  499
354  679
488  1984
1996  1868
862  962
934  1096
1368  1019
748  1658
911  220
845  1590
82  532
437  695
1803  909
1415  710
1838  1313
375  1684
1539  389
2  477
1089  1171
67  1864
1807  745
92  931
845  1501
60  277
36  1318
109  334
544  1809
1188  1729
455  1511
905  462
1473  1701
1502  1931
372  981
620  1055
201  1150
1252  995
1838  1463
40  1129
404  624
1652  1699
1263  1743
571  1355
1247  1128
1263  1027
1376  1898
124  678
1952  1760
1145  1665
1966  1994
294  1830
432  911
77  10
200  735
1415  951
1257  349
193  1452
438  870
1801  535
153  737
346  787
1738  717
1142  788
419  83
1214  1576
1543  157
859  124
1453  223
385  713
612  547
173  1956
1145  1599
288  1676
1933  557
1971  345
1130  1375
6  1951
876  638
147  432
911  541
1678  1
1743  1729
1  920
1524  1513
1185  1680
1421  795
27  316
1527  435
958  38
1407  1211
47  1048
1536  871
1425  1253
179  1282
1178  233
846  267
1279  1336
1201  371
954  1003
1140  755
1005  1622
1454  7
1285  287
66  1603
531  1911
1457  1363
1119  476
1053  1077
1421  471
1196  1069
866  1993
1610  332
138  603
1830  1487
692  1116
715  1205
1972  673
1002  161
210  1427
1853  1831
155  600
521  1163
1373  1954
833  1700
1072  1651
1568  708
1788  1620
639  407
1539  1436
180  43
608  583
504  1248
1707  1103
1641  1265
1943  833
1598  1615
22  1493
1858  1869
1052  1150
1714  1266
1170  1837
1016  1066
1511  1385
1220  608
441  74
678  933
1950  588
161  1992
843  629
435  1560
726  1673
1479  1824
1707  868
1477  373
266  1994
625  1651
339  427
558  283
1203  675
660  1360
1269  154
1475  1932
118  1781
1426  97
1591  1064
1093  1774
1457  354
1030  1919
1320  34
1274  1960
1950  1213
1590  684
172  90
1090  1913
1341  1028
692  1731
569  1798
875  1125
609  127
1497  1714
70  329
1466  1421
1510  5
1116  1512
1791  906
995  1430
635  1769
206  1930
956  491
796  289
828  1748
959  59
66  1419
1244  1442
342  914
1821  873
1564  439
734  1285
242  956
1321  1928
1871  1977
287  860
1569  1254
1031  859
627  122
282  1946
267  452
703  1296
1701  969
762  865
515  1058
1612  195
814  1071
0  861
1633  1362
541  1311
853  636
747  992
165  696
1020  795
1074  1828
1568  35
666  989
1992  806
16  933
1478  732
1633  328
1262  1274
1243  495
1697  1341
468  1262
394  1818
1304  277
47  1258
1953  1904
518  981
1321  1852
1923  397
1739  1259
1282  164
209  558
571  675
1498  574
1799  1167
868  819
994  335
1209  734
16  1578
1490  1466
1523  1947
796  416
587  1493
880  1049
1484  1611
1117  304
902  852
1921  770
554  618
563  460
387  1643
1056  1873
1874  1619
1043  167
1464  1380
504  70
1385  1353
407  1002
1011  234
1635  630
544  518
1555  1905
1373  133
1720  853
83  251
853  1077
1049  1185
825  209
1362  809
1519  1442
69  418
1668  925
1175  862
152  879
1363  1077
1554  562
1501  955
717  1909
463  1856
474  850
357  61
1354  1170
1525  215
1181  1457
1084  1859
241  54
1361  245
387  582
1154  1542
463  1363
798  2000
197  1815
458  957
941  326
466  536
288  138
1876  1283
1466  1577
1012  1165
7  951
763  943
538  236
61  105
975  1861
1426  829
1336  241
409  241
312  1021
219  501
236  312
767  552
700  199
1297  658
1301  1940
468  743
858  475
1121  1739
1858  1615
1328  1323
1819  375
1416  10
223  1615
629  192
421  452
125  1113
454  1128
1897  853
1319  1833
1090  566
1134  1519
634  474
818  535
1778  1761
930  1192
484  221
267  1140
1684  449
599  1566
866  1277
1433  776
1431  1053
1410  1962
1549  1502
469  995
265  1270
693  698
1744  518
1612  32
2  1149
333  1915
304  1363
1153  1760
1284  147
1207  1026
493  1134
160  440
805  1393
365  1510
423  138
1063  468
805  1624
556  1292
683  729
1981  984
806  613
781  969
333  1770
416  279
497  1287
792  1858
1576  1520
1914  1292
320  1853
1983  895
77  130
87  289
1501  228
871  936
1609  790
1598  96
1187  1412
1676  997
1684  1617
499  78
1868  531
109  397
822  141
633  100
817  128
198  132
1179  503
840  1008
1538  1251
1749  1807
1133  337
1038  515
1443  699
1594  1181
692  1948
553  212
506  1118
1731  899
1923  1761
1543  1842
597  831
954  1955
681  332
1809  1981
1222  1218
1748  1506
1221  617
123  1577
1985  1725
1140  818
797  574
1937  1618
848  1771
1834  795
556  996
1311  831
1347  1398
488  1057
249  1668
1495  1930
1990  1690
415  207
816  1957
1614  1565
1414  745
1174  482
859  767
351  995
1065  1875
439  549
752  300
396  1732
1039  1119
264  1997
148  1943
767  1257
581  1789
1271  1397
1097  226
2  808
1494  1811
1871  52
1964  979
449  1817
1260  279
302  152
270  1651
1191  609
1987  930
1255  745
1546  1258
1743  1852
1762  250
924  876
20  240
888  448
1627  710
130  1437
945  695
71  1627
1265  1416
1549  1025
1369  388
1080  1364
647  837
1867  1855
1405  1098
140  424
82  1804
656  1539
880  820
1125  383
871  1622
984  1335
1146  228
1809  802
1121  66
205  1613
1907  482
893  775
201  885
1668  1253
1378  355
949  101
772  1186
604  58
172  418
1381  1331
1267  962
931  380
671  956
1332  1586
1421  944
935  819
1520  347
292  185
1558  180
555  515
1960  1785
1509  86
34  452
476  292
828  954
936  250
488  1757
962  550
1936  416
992  1049
1962  786
1523  352
946  793
1661  589
1863  1504
1512  1879
370  9
1025  1745
1499  1128
1257  38
228  1141
1277  88
1565  254
858  410
806  1645
644  774
1098  1509
1486  1362
1531  953
451  1825
1599  1455
1167  625
95  1498
795  664
997  738
1518  720
1904  1539
1145  782
1186  1940
1104  1654
1372  1924
312  1407
619  1971
391  1007
1019  1864
1250  1711
236  476
1555  1934
1162  632
1074  1399
849  138
566  1357
1090  1418
105  188
436  106
133  1583
168  306
196  1602
756  143
280  1659
1109  403
376  1545
833  517
1392  811
1215  221
537  1863
325  1898
4  1919
297  1785
1036  1638
507  1045
644  580
499  820
272  1113
346  1810
1522  1806
1362  180
1850  423
588  1736
1856  681
110  1972
1574  1204
1846  1809
1277  534
1109  1202
1433  1039
1664  184
141  1175
1302  1371
1909  756
1211  1388
1682  1619
921  974
917  313
201  1995
788  136
1645  1293
1931  1408
639  1428
1562  381
1784  498
1998  560
1782  1706
1475  410
820  1677
1219  1688
1570  429
812  1506
810  1950
1627  266
693  1817
1133  1820
1895  1087
754  763
292  1403
934  862
1626  119
1371  741
160  657
990  882
1847  1729
366  814
252  1747
1901  174
575  555
208  1885
1883  1692
1974  953
944  813
1963  763
849  665
387  1985
587  1564
1837  953
382  1527
751  1164
160  154
1048  548
137  555
578  1020
1244  1006
1449  15
1815  1755
317  1302
762  1799
672  1439
1265  1247
1097  166
1165  311
483  579
1518  1239
1631  736
653  1538
79  533
1650  1720
261  801
1889  1689
1168  1019
1663  1803
362  765
1968  1841
103  484
273  119
580  876
1708  1917
1567  1137
1147  18
749  474
825  1931
1380  1452
1216  963
1300  387
49  884
809  670
1840  128
1997  1382
279  1543
1125  439
829  17
1054  1678
1983  1283
933  752
949  502
582  1880
1735  1833
1638  1089
1785  317
495  852
1116  294
1530  294
1334  1610
1685  83
669  927
1810  1384
1114  983
1660  857
1021  640
1076  1440
72  1147
1242  1024
947  565
871  1647
1168  692
1871  1132
659  395
1472  394
120  360
257  1507
1996  1319
6  682
1890  368
1238  1813
1584  1296
1840  365
1157  402
1790  403
717  1858
1461  1116
148  686
580  1128
608  194
258  720
1998  757
786  542
1051  1354
986  1768
471  112
506  34
574  1397
1645  656
1297  371
202  534
1236  1700
1312  166
453  1926
1877  662
1516  861
1741  62
872  682
234  27
1589  1300
341  142
1066  1222
606  1484
855  1339
1291  1704
702  493
169  97
239  272
1718  1217
359  727
1765  464
920  1723
935  419
1437  1313
387  1488
1653  802
306  934
1940  329
511  1746
1070  1906
1928  472
821  1604
1921  1052
57  1800
47  1014
1673  754
307  76
603  1699
1770  781
747  212
1653  1966
663  931
233  960
73  1928
1194  1357
509  1831
388  1356
890  1027
462  1522
1107  1653
909  451
284  1778
1523  1558
430  1450
583  601
833  1459
6  179
610  742
1200  1072
190  641
1132  142
742  1799
186  1190
921  132
1818  1211
333  1244
1856  1294
1163  1717
266  1605
1875  1872
251  383
539  141
732  238
868  520
1046  188
1564  689
623  737
873  1985
559  1085
1797  611
1468  1831
1791  1152
730  626
817  1370
303  72
447  432
588  1375
537  1616
742  1519
470  1406
869  297
1482  149
364  1404
1865  899
1276  173
804  240
576  913
202  1505
1263  653
1315  698
421  1864
784  971
26  745
1287  1001
353  198
1146  531
441  475
1760  1927
1565  297
1746  672
1532  5
1166  1643
1347  1812
1836  656
522  1454
1184  471
801  1301
694  1980
936  1028
1877  219
302  1458
772  707
1965  32
1061  852
653  1629
402  473
1442  986
1674  687
408  332
1838  322
674  710
1096  1191
1352  373
1878  8
1288  302
746  1858
167  92
667  867
1615  1507
1075  1723
1632  1214
1600  1610
1610  804
1769  1877
383  1969
156  453
882  793
1313  1611
116  1979
1719  1742
1087  1770
1287  833
1964  371
1213  1852
1098  316
595  1592
415  1671
671  1479
365  14
1613  1159
868  1008
527  272
30  546
858  152
1678  639
1903  1833
896  389
26  228
17  305
1208  329
6  424
1549  455
850  479
44  1169
1580  1409
643  1488
84  16
931  1077
1578  1108
362  617
72  1053
285  1518
1065  1975
1283  358
539  160
1349  425
1018  1405
1974  1223
1494  1021
1432  1727
1067  1648
1654  364
373  1061
273  272
247  1894
1637  1002
1813  1583
1959  1746
1583  1674
526  1500
234  1671
277  555
705  921
1826  602
890  674
1091  669
1308  1824
1058  1767
346  707
1372  1838
1975  410
52  1276
1917  1980
1654  1814
1185  1596
374  395
1280  182
777  682
573  1879
525  448
1243  1991
1751  510
582  325
1265  1611
673  433
441  1606
1405  1909
947  917
1887  368
324  1393
289  844
1714  1679
764  377
1787  714
308  1986
459  618
1163  1129
716  1101
1149  908
280  1667
1681  1865
773  1738
1177  748
612  1133
1850  1572
970  988
901  966
897  1902
1600  947
1887  1578
14  1944
1346  1779
1693  458
1526  1772
1557  1717
556  1846
1997  781
1317  629
271  882
1320  234
169  613
144  1880
817  1491
995  710
1387  1390
1770  1619
1805  1360
683  1735
885  1213
626  333
1579  1323
1176  792
1510  463
1536  460
914  157
208  526
1247  605
375  73
1889  628
978  279
1988  1127
233  1844
832  1476
946  1461
1123  1430
1946  926
1565  277
298  1171
484  241
1312  744
1952  559
725  1775
644  100
1570  23
112  485
463  324
983  513
552  779
1340  397
1310  102
283  1322
1340  421
1205  1032
1896  787
802  822
766  1220
1298  999
848  388
720  1976
589  633
1442  642
346  611
65  692
1761  1857
719  1055
952  601
651  451
788  337
990  635
1638  593
1691  9
1673  673
929  647
515  652
675  1887
1557  323
1664  1801
1017  1948
1312  1145
734  536
715  404
333  464
1926  1099
1230  720
566  1041
483  849
1236  1707
1741  266
35  959
1989  1382
1521  898
1153  1371
1502  567
964  366
693  969
1187  1093
1681  125
132  366
175  448
319  1335
1874  594
1519  563
1753  1162
185  1751
406  1423
1826  510
1096  468
1953  674
1150  1612
994  916
313  73
503  529
1600  243
1218  1141
1296  604
582  1413
1023  412
1747  360
6  938
887  1775
1012  874
1313  1571
1323  1338
0  1310
26  95
135  1551
1757  318
1422  844
403  1077
1371  1050
978  1036
1372  201
127  441
1672  853
368  1406
1033  755
1985  1921
1362  577
1879  1349
214  1059
1223  55
1344  755
1443  540
602  1405
1615  796
1444  1051
1237  257
544  446
313  491
892  1983
1527  763
35  723
576  476
510  957
298  773
110  629
1629  596
1910  486
1759  284
699  332
1551  1183
1098  357
889  1970
1910  28
1050  1542
1667  146
1698  1860
1333  819
1287  545
118  1539
1436  75
875  1444
1113  824
179  1179
813  1996
234  1600
1442  1552
1899  192
1982  977
1543  1878
38  1862
995  1220
1735  972
1392  1382
715  1089
530  1698
1811  1775
1232  45
1914  1012
696  218
261  852
389  1417
1998  74
1309  131
724  1319
977  349
1732  1768
41  562
445  1735
1789  832
1754  1150
473  1962
1935  454
1715  1544
1140  1719
593  252
740  1267
1790  316
1850  1319
1572  1521
548  583
1471  114
475  706
614  1092
888  1505
179  1326
1076  354
662  1974
1780  182
1954  46
706  1229
1328  1139
1582  42
113  1211
1259  240
1111  663
1015  340
1179  1138
1202  1605
92  1161
1112  19
695  1902
941  1553
944  1239
961  1151
1700  116
1904  666
579  957
149  227
53  34
817  1441
1495  297
804  688
347  1388
76  1283
1697  480
1149  1734
1329  376
1157  1549
867  1048
599  1190
206  630
379  308
1807  178
1903  237
1954  940
1405  786
1986  827
644  396
1145  1571
1107  839
1047  1626
232  1949
746  1522
685  320
328  1145
278  1489
639  841
273  765
1774  653
1191  144
1811  1480
765  1540
1820  49
669  1112
1201  275
618  658
1318  321
901  815
1577  452
708  1109
1235  555
1382  248
763  198
37  1501
180  1860
1500  1958
123  1048
1526  1331
1694  1599
408  1486
240  1601
1259  1634
1612  1568
380  490
839  1151
820  44
1106  1256
1005  931
1859  169
1632  137
278  1274
766  948
1757  1490
1516  669
1536  1231
488  595
1019  149
332  949
1228  1797
1134  786
691  476
1210  1200
244  1839
970  92
203  993
1710  842
1414  850
1302  1222
572  1147
80  708
1645  1422
59  1343
1258  1557
299  1610
1374  779
1008  1125
1131  148
517  740
1829  1115
383  1106
1661  177
1390  715
191  1972
155  876
1292  420
1904  407
397  859
21  1569
778  982
421  1562
1422  1824
61  570
756  1592
407  858
1375  1132
1873  150
1673  1484
1661  1845
1821  1399
1191  585
819  7
213  257
1579  672
1863  1748
817  88
1405  142
227  1698
892  246
406  579
420  951
1435  818
269  941
1836  45
1813  289
1584  1834
1138  584
1841  1769
785  924
1456  48
113  1366
441  1504
1955  930
1183  1331
547  1524
634  1894
465  780
503  1577
709  477
488  1848
1723  1717
1450  878
1906  211
1285  1348
1359  1404
1362  466
236  198
949  203
1297  1862
342  943
486  1472
1996  6
733  1354
1791  1636
1962  1172
1954  27
1138  320
527  1060
673  918
1261  1414
655  1474
383  1508
340  713
1875  1179
987  1737
1765  1573
123  65
1167  1005
164  222
115  1945
1365  1865
1628  1042
109  1262
1216  240
673  1389
544  1592
1929  766
758  893
1238  1697
1887  1529
1230  894
1089  1034
1570  1217
1980  1724
304  1697
1164  1270
521  423
759  832
466  989
483  1958
1641  434
508  959
45  680
983  515
1102  200
333  725
635  1537
20  1456
261  316
310  133
941  938
23  1073
515  1387
526  1401
217  240
1679  815
792  1435
1224  1516
792  1119
1002  893
1192  1552
1742  1237
385  1482
1076  1336
1590  460
1973  1302
1354  1415
280  1328
716  707
34  1249
42  812
1631  1442
634  923
206  150
1630  1795
1629  1119
948  1391
24  100
1720  179
1462  1799
707  785
793  680
1356  453
343  1973
19  1523
900  413
170  995
1430  1430
429  221
1527  472
51  577
856  823
850  1578
1158  489
1766  345
1423  1383
586  1426
1870  427
490  701
1202  183
582  1712
1803  266
1902  1106
451  1648
99  656
187  1973
916  1936
1954  1294
1011  653
117  1592
164  990
672  1043
291  425
215  1540
1726  267
1285  873
1723  172
361  1603
1407  1208
619  1735
1300  1317
515  733
472  1942
617  386
906  1961
1682  1629
201  1035
1315  621
1830  683
1070  592
1115  366
592  1615
193  1759
1706  1001
808  1592
693  1089
1518  1851
684  635
1000  813
1927  167
743  337
1545  466
831  723
1058  660
1099  1228
25  1428
1805  20
241  1541
136  776
222  1141
1377  1717
112  1608
1873  1025
944  603
943  1057
566  551
797  1780
1627  1095
1336  782
1294  1638
1015  1877
1564  1815
492  19
704  1198
750  1521
221  871
1936  555
1831  1794
469  463
1216  467
1798  1827
1568  348
1329  1864
570  985
1405  1304
1488  1476
922  1229
1272  1819
1726  818
1659  1481
1129  416
903  1728
1789  321
80  979
653  804
1678  429
1796  1061
621  1441
962  1068
165  1348
1654  484
1440  1441
1970  1331
46  764
938  507
1078  1162
1276  209
267  1903
853  1093
14  784
685  1466
921  1593
1731  1364
1098  447
794  398
1858  1452
1138  1639
1549  1355
361  1282
1396  1447
880  562
1346  1645
1761  1129
602  1313
1298  1965
1524  1749
1527  1928
1013  1105
756  19
990  1433
54  1996
174  1065
576  1287
520  1871
832  493
1539  186
1734  986
1869  701
884  1614
1046  1254
814  822
604  1574
129  324
1073  481
1973  1038
1076  1778
642  1884
888  1825
859  1768
709  1385
1517  105
1031  1641
1331  820
964  84
626  1431
988  93
294  517
1213  1837
1817  39
748  1308
4  1175
1425  1694
719  1834
1122  24
842  240
1446  1556
525  1471
940  603
813  262
1939  1638
108  190
572  1381
1389  264
1674  728
256  663
1507  1999
930  660
227  1512
603  867
1800  1179
756  1197
1825  1701
605  416
597  578
1846  1717
535  604
799  1424
1075  1205
1604  1305
871  1035
1959  1051
35  494
563  1696
1722  1502
1213  1834
1430  793
1195  280
236  754
368  256
662  729
194  636
534  1668
1572  1100
749  11
1091  1024
1887  366
356  640
1366  1191
984  1314
206  1810
1934  1966
1928  1738
1462  518
1231  640
959  626
1345  1218
1704  930
1597  1357
160  934
267  455
567  171
1157  833
428  122
1776  184
1399  395
1765  773
965  155
1820  1364
798  1653
1900  931
852  129
1671  1397
1961  1883
1369  1274
769  1225
1760  1775
1097  652
1502  1292
1398  200
1463  27
1320  1764
1991  1520
1086  28
1233  804
871  1114
592  856
818  510
1477  1682
576  471
1345  430
800  637
299  1572
1656  1447
1623  1473
797  1649
192  580
1063  1339
1945  430
129  65
1519  1499
1140  362
709  603
1026  1061
548  725
1770  1540
1521  375
1431  1958
1791  1667
458  326
548  485
1621  405
1613  1515
885  853
832  866
795  442
1901  1188
1877  266
1417  930
871  1268
1730  644
415  285
1057  1303
321  1619
668  1511
1392  374
428  1707
0  1254
201  1587
1028  699
1304  146
1044  995
542  1947
1648  692
657  672
409  1382
1534  1568
935  636
683  103
121  513
1874  1299
1117  1046
278  692
165  272
191  1881
250  1380
1603  1994
1687  598
1968  13
1029  873
812  1230
1468  1551
1812  755
204  1599
1922  591
775  86
544  1522
586  600
1259  878
1092  1431
220  1641
700  1439
804  506
766  1622
553  1998
944  83
594  1726
1130  1427
157  1643
1144  283
820  1979
179  766
1482  1266
340  528
1978  1401
656  102
796  995
366  1964
770  1916
527  27
1430  234
67  1973
657  165
1716  1082
1  101
1998  815
1680  1274
1740  1734
1327  1072
1165  1430
1024  1699
281  1154
756  624
1377  1173
148  1827
477  210
1253  1351
1390  399
1579  948
1605  484
1607  515
75  1093
835  1848
1720  557
812  453
1705  1213
1832  806
1538  1413
829  1295
1428  962
1379  768
420  1233
1205  202
14  737
1509  138
888  1688
210  1966
1826  1143
1346  612
766  1179
439  230
1358  612
624  23
1839  1278
342  315
1411  1970
1032  1521
659  903
474  1231
1508  975
629  651
245  955
505  1259
230  1376
609  1728
593  1375
1309  714
1122  146
801  634
418  1153
456  1526
1199  1573
930  1112
438  812
31  786
563  786
1775  910
741  41
1048  1021
1636  1540
1359  670
1846  1741
1321  874
651  487
1941  743
38  1092
572  1089
1991  1812
10  1613
1383  848
1433  210
216  543
137  275
375  31
297  1000
1324  1255
845  1217
1944  1185
1124  945
906  1561
992  1335
1488  1338
1674  1457
392  199
44  145
1691  794
1263  1765
683  1002
862  1320
9  1161
615  685
931  520
1301  317
814  220
1770  987
808  125
213  661
1273  1368
1565  1130
324  1982
389  1306
1612  8
1779  781
976  1899
1196  778
211  1627
977  794
510  351
1854  1412
1730  1055
756  1348
909  913
1268  857
1784  939
995  1613
1975  1858
1792  1793
1814  1525
1727  1103
581  207
1678  799
1854  1457
417  1729
1772  593
74  947
1588  459
1021  155
1502  1471
174  1426
853  1015
698  437
444  1108
119  1542
1384  441
1564  1806
408  721
616  77
1021  679
646  1222
1404  10
1130  30
147  433
947  1327
159  926
1065  1732
793  623
1673  1401
1109  1113
502  1953
714  1815
1228  964
1599  1319
661  1510
130  1844
1843  1237
4  1111
68  1001
881  1797
571  1937
1486  631
1879  914
1668  98
1122  1150
709  1892
1532  1933
1160  111
726  1646
916  148
1458  958
134  1386
1023  1822
777  1955
1548  302
905  1640
1763  1495
209  1314
425  1261
916  697
333  340
1706  1330
1143  1521
1966  195
349  472
749  175
1785  84
1240  673
289  924
1196  825
1963  1334
1171  1244
1440  753
1529  1709
1424  1809
1829  217
1388  179
896  914
958  179
1118  1817
440  1835
1944  914
478  791
142  761
1292  1782
180  815
844  1963
1679  448
1461  1276
1349  1257
1797  1341
1743  1361
1386  1686
524  1556
858  825
1347  109
1738  1467
638  762
715  1960
634  1441
145  1739
329  959
554  1097
1381  801
1007  880
1419  336
149  952
1178  1065
567  577
871  1088
1651  1734
1739  1783
1934  1223
562  953
1178  1425
1418  1893
190  202
1876  1922
1084  795
1679  1376
1000  1031
1087  901
1020  1199
1862  580
885  1611
121  1211
1546  577
1048  1516
118  224
972  1065
958  191
783  791
855  1097
1951  523
385  1255
1009  596
1777  952
689  1626
1346  1268
1147  533
1960  379
819  941
1611  780
391  860
1305  197
1483  330
1178  1478
1065  32
1297  1159
1446  1229
1212  45
17  1740
1954  14
88  375
1789  52
610  611
986  1063
1230  1011
1249  1161
102  173
914  861
1141  443
713  1871
1467  207
1174  135
16  59
900  1349
427  1431
929  1801
1927  1602
312  1639
1392  1476
1278  426
870  349
1999  831
270  245
503  1065
1223  1970
989  716
1943  82
983  165
457  1998
1621  1833
1962  436
1  624
837  1858
1077  1310
1389  909
562  1471
53  251
899  951
1095  1972
881  1308
1090  420
1953  1061
445  285
450  1392
300  623
1769  1239
1691  1590
224  527
1541  1452
601  627
418  1703
951  345
1113  1776
1093  549
1329  1436
238  1612
139  233
899  296
978  1366
1147  503
9  187
133  854
1662  1846
1136  1935
1199  1023
879  192
940  161
1609  83
593  706
1276  844
1374  1647
394  1154
501  1878
491  1191
1584  1636
1910  1398
40  549
936  1212
1713  1490
921  1177
588  878
1336  486
1516  340
1934  1906
1978  1569
810  554
895  1688
138  417
1515  949
258  1232
26  381
707  1867
1700  297
1288  290
1053  1227
84  214
1385  273
1063  1305
283  27
1124  646
58  1591
401  358
427  1274
895  304
839  14
802  38
1994  827
741  298
686  251
2000  455
1900  337
790  1385
220  1767
698  971
207  1138
1800  1771
1219  436
675  1232
1048  1841
851  1937
476  815
1519  849
1276  851
1594  1707
1086  1416
1164  1273
1260  1181
1668  2
327  1748
1630  1584
633  999
841  733
1562  1133
1654  144
1802  1888
1943  466
465  1494
1172  1980
250  1910
1454  1228
723  1989
156  891
1553  446
500  1936
1765  1449
1512  1367
1242  379
1133  998
571  1578
997  148
725  1396
1478  1283
1274  925
1544  954
1501  1853
795  1311
353  300
1200  1693
1392  293
1943  1070
945  1082
415  1601
1140  908
1039  1815
1587  1420
1975  1019
1607  797
750  748
166  461
317  66
1982  1982
575  809
569  975
1338  1045
893  253
223  41
1872  1681
1429  776
480  660
1010  143
632  1517
1969  1469
1771  1344
222  1142
771  131
1900  1495
1643  1513
1111  169
1853  383
1053  1340
1070  618
312  426
3  209
579  855
267  1592
1  227
1401  887
624  544
190  1739
896  1658
1709  1948
574  632
50  1890
1684  1172
8  1740
1616  333
1206  130
1592  688
1972  188
156  326
673  380
1990  407
1716  1874
1475  1970
1489  1814
861  690
716  298
892  902
1975  290
1484  284
717  249
1052  1647
1832  1698
735  656
945  1923
42  83
463  1032
512  1317
391  1534
1315  984
1141  1177
233  675
297  1871
1920  750
962  1791
238  1954
1240  1732
499  963
203  1071
1001  1665
13  66
640  1734
870  75
958  442
1408  1033
938  1429
1706  186
681  127
180  106
430  1287
268  1635
1039  897
589  249
1669  1441
680  1898
405  273
1263  1699
758  597
279  255
163  481
1474  1743
530  1358
1604  890
1489  1817
1884  313
767  260
1902  210
1364  1549
485  1684
1243  1265
648  1367
443  1685
1808  307
225  845
878  112
841  1437
1957  619
1426  1772
1328  137
1888  1982
590  1
110  898
1609  1353
1974  1026
1477  896
1596  1695
1649  368
1153  160
468  766
1863  990
745  686
467  1454
1863  1632
1051  1210
1361  250
845  1938
1326  1913
17  1574
220  166
15  1895
568  462
129  1155
1654  1134
563  1911
1960  1088
171  176
1651  1322
589  965
864  688
251  1209
748  371
773  1444
1766  248
856  830
1977  602
1596  730
1697  707
887  1523
312  1173
751  126
677  1700
1603  525
374  830
659  506
459  708
1706  931
925  1542
244  1761
1558  810
760  1882
1426  946
1860  1322
110  951
818  1920
563  1176
1201  673
1502  390
1727  1790
1539  1300
1997  778
1151  1554
1131  163
1005  1064
1114  862
881  1663
383  1009
952  304
707  1819
1800  332
190  1180
513  1400
1955  1219
1665  1195
549  1024
1212  790
599  1733
94  1970
535  1173
162  274
880  1921
103  1297
593  989
1411  955
1543  1977
672  378
81  893
1973  561
89  1354
494  1416
207  1312
1504  1716
1679  657
307  1694
1254  252
928  822
227  988
1405  1672
984  1794
1229  1804
1044  1205
710  1989
922  1840
810  1323
1829  902
886  1606
1355  501
1785  1331
1571  1395
1130  515
1727  659
1754  394
1910  840
1795  381
633  717
1573  447
234  1659
1759  94
1329  549
1071  699
399  1491
1027  1929
1155  535
139  1463
1284  667
839  449
1741  866
1694  1154
216  800
787  598
1703  1296
1706  321
746  1890
263  1660
1666  1944
814  1550
611  1071
1938  1496
1473  434
674  1882
1807  969
849  292
1752  750
458  184
231  1037
613  170
1078  155
256  1433
1944  1994
1043  1352
608  978
1122  1362
1643  1001
951  358
707  1497
984  1003
1132  297
428  911
219  1471
995  1397
393  1641
1111  77
29  13
911  1389
470  293
236  1642
735  719
1421  1353
1387  1921
517  476
1731  1478
815  955
627  501
1809  626
333  1726
995  1469
1101  1196
1911  450
1613  143
249  1450
333  963
1843  429
777  1240
1540  414
763  662
200  540
1665  150
232  47
1674  839
1306  19
198  1986
465  992
400  1171
773  1290
418  148
1777  1978
1166  1091
1578  87
1584  451
1003  1075
843  104
745  911
1733  1020
373  1371
1163  1476
923  31
391  1599
182  1792
126  937
1315  997
1520  641
1464  1249
1565  912
10  1956
1873  91
1896  226
863  825
1831  21
863  423
1687  887
19  74
1918  1346
961  1978
1030  1601
660  722
5  582
1810  1203
1823  654
759  299
711  1959
1461  2
1870  72
1583  1382
1286  1161
1937  671
1296  1884
1123  1042
20  833
1059  1329
1778  1823
711  20
192  1669
929  981
227  1658
1981  90
1842  1569
1695  1998
1898  1893
1940  1863
1848  1086
336  1170
1624  662
1820  741
337  895
1746  127
1372  1996
955  1985
99  1545
189  408
593  1665
36  644
243  1040
1826  1691
1138  715
52  1415
1087  1520
34  1051
501  1215
1421  145
1625  391
1902  325
1929  1854
443  935
449  1083
911  1939
945  1460
1941  621
1254  1860
775  51
168  278
566  1927
0  1197
1835  776
857  1721
109  1673
1103  1193
890  233
329  1141
2  1322
394  223
1022  1287
1065  602
354  1002
1835  561
525  1333
1012  371
675  936
654  1217
1671  1391
162  1699
933  1782
795  1244
501  1049
1851  881
1884  1198
1717  1715
810  477
1280  1677
800  797
1022  728
90  91
1909  1120
1258  56
224  230
634  1715
170  909
1950  770
899  1208
366  721
472  547
205  1164
1227  1048
1730  156
543  1612
194  812
571  64
1678  1993
1569  1699
405  277
1323  370
1402  1903
1703  299
561  1507
1548  274
1911  1620
1983  379
1460  1218
294  1751
1064  974
1834  264
779  1247
1192  179
1938  1189
1905  290
1011  100
1490  1110
1658  1065
1744  1178
109  1511
123  340
965  1522
647  387
462  841
258  884
1830  1516
355  611
873  1945
1002  772
227  979
1126  148
843  907
1380  1917
406  614
694  887
81  1558
262  204
379  530
1180  1919
466  434
651  544
815  1652
1435  606
1438  1781
487  1295
262  394
930  518
925  809
1509  1758
1099  1266
858  1331
622  629
675  888
257  513
705  1563
1607  1531
507  382
1777  540
1096  87
1038  1907
127  598
1567  1703
1587  184
694  1306
283  1346
188  421
294  1458
715  1351
1376  1598
33  1767
1091  1555
1628  401
1139  1783
1782  1747
631  558
1312  1202
19  22
666  22
223  940
1022  1345
614  1225
257  1083
1880  566
1383  1040
1880  405
1700  1637
5  280
1113  1440
918  449
1818  147
371  1339
780  1710
1659  1417
1540  1959
324  1147
1043  1103
1379  1486
1874  1938
2000  321
1851  404
1014  250
1503  497
1158  1123
403  1614
1271  1283
1497  20
1504  320
954  154
526  86
1539  221
643  427
1890  1077
439  1253
468  427
739  841
1196  401
45  1474
1517  1854
1167  1316
1781  370
911  351
1454  283
1875  692
1252  978
552  1074
593  702
1425  405
52  1656
186  1488
166  1305
263  1699
168  1432
120  1369
380  1358
1428  1577
799  1048
816  1815
23  1177
1415  210
88  1174
880  534
1667  1505
1988  1161
805  1631
988  799
621  263
434  663
1137  1981
868  1689
504  347
277  14
874  838
1603  1435
505  844
177  738
401  480
918  1678
1848  1991
1446  1410
440  1500
1577  917
1390  748
1848  255
1785  1764
1666  1396
622  511
852  870
601  1506
368  721
78  666
1682  1969
1279  390
995  52
711  1715
479  517
1134  1841
311  1874
1573  295
699  1360
1843  585
1201  1133
674  1416
1527  139
1528  1475
683  844
768  1423
1645  1053
252  429
284  243
289  221
740  503
1632  1313
216  161
393  839
1336  1381
1473  1749
1018  514
526  21
239  248
1612  1129
1203  755
1542  1874
647  1727
295  753
386  598
1287  1164
362  1450
1375  1094
1782  497
895  1652
800  86
1131  730
1511  1279
1449  690
287  1323
1055  1897
1505  1978
810  1961
1096  1098
204  709
1585  790
1898  1790
589  636
239  527
1823  207
1850  1660
952  495
477  1362
260  1665
1614  1129
225  800
775  974
1339  848
1734  1916
1146  123
1126  1554
705  746
1233  430
1739  920
1639  1603
946  90
999  1659
1047  1622
961  1391
1113  990
1619  951
1599  155
1901  1462
1805  1848
536  897
383  1541
138  1271
234  101
1732  1080
925  1337
1202  787
589  80
968  1580
943  1466
1344  793
654  712
1268  917
541  565
0  1606
252  1843
698  472
321  89
693  1929
1572  168
1992  1978
1868  543
1092  279
372  1427
111  1955
39  654
1151  1147
474  848
780  859
849  1599
1063  327
558  417
711  462
426  1199
1377  1709
1908  846
995  1073
1235  832
599  1017
1952  805
1241  1145
484  1616
1327  233
112  784
517  38
1674  1437
764  981
658  1891
1804  1319
515  992
829  1270
496  670
14  1639
1989  1107
729  1350
1467  1289
133  451
1111  399
927  914
695  452
1829  66
760  1713
865  1998
307  537
1049  1810
1228  1269
1701  1677
1706  1566
20  993
747  1888
1308  652
1312  753
1874  417
1811  588
1640  302
225  578
278  1550
778  1968
662  1690
1029  1474
248  290
195  116
1106  1048
677  311
296  9
1954  1842
1959  1633
604  1771
255  1833
1700  1739
436  247
1102  34
1301  1504
1833  1561
286  498
1291  553
984  1278
1540  1943
1431  1676
1707  1150
1350  1772
1647  427
1850  1415
48  1264
819  655
754  667
432  1053
910  1183
1934  1535
105  1137
370  697
1960  218
287  1395
1336  1078
1858  781
1852  1801
18  1382
834  1318
1793  969
1191  966
152  1346
1528  1314
371  1196
1954  1472
1859  1446
1075  229
321  1925
1755  165
157  712
1888  933
697  1115
1259  1388
836  1319
1407  261
1719  1487
877  212
787  1485
1760  1662
602  1841
562  1945
1730  1356
1513  1737
282  1406
1163  1441
753  1292
1154  1025
547  627
498  783
1723  672
782  495
1749  799
1943  1642
652  971
1934  202
980  103
365  710
418  249
191  1752
1277  486
476  1400
1101  88
1291  198
1175  1525
1845  611
516  1405
1481  924
1020  821
887  61
1610  756
1374  1346
1495  859
1120  575
27  193
675  869
753  533
392  384
478  1724
1860  903
152  1720
1201  1377
1512  385
1604  574
1307  1285
100  848
1898  600
1137  205
417  795
1344  962
623  1578
460  1862
827  1696
633  997
585  90
1817  1789
1673  1575
733  247
323  10
870  363
550  1720
741  1538
1736  99
1488  935
1736  405
687  688
975  557
690  1243
1953  737
353  932
1969  1164
263  1717
1081  1505
1457  1985
1756  1969
818  283
1738  331
1386  1296
463  1018
242  455
171  1551
1318  527
1024  1031
1231  1866
982  1362
287  269
228  865
1476  358
1042  1154
1891  1534
1235  140
713  1667
1319  52
1164  613
685  1473
599  1637
221  1657
1245  519
779  1796
1669  1437
356  1767
166  1914
1868  287
223  488
388  1286
1067  130
1739  764
977  512
182  1556
1175  1017
1649  924
61  1145
1119  1595
1159  361
1959  1595
1687  1558
1156  1832
1374  1403
1041  242
1937  1532
901  1193
1011  636
1967  1425
192  1230
764  140
1248  1056
1030  1004
244  1722
1380  183
1209  1948
1012  1359
1052  1771
441  1304
534  1148
1931  908
963  581
280  1810
11  571
16  1777
860  1717
419  1281
1104  218
1360  271
311  1759
316  1467
1055  1167
565  1791
1763  307
1608  444
1717  462
1832  1021
1150  66
1482  1456
561  482
316  110
1794  1064
619  173
388  287
1025  1165
502  222
409  1362
1338  252
1436  1426
1798  1441
1294  1753
667  947
1779  1174
9  1852
776  160
15  869
1177  1177
1430  699
416  775
611  944
389  1800
913  301
1109  82
1763  607
1115  602
1400  1241
1237  1940
1383  1379
1147  613
1141  1344
1064  75
327  1873
1767  1548
1026  651
1310  24
1585  1185
1438  631
1123  995
625  1371
580  895
249  1750
998  1321
1939  1647
1378  1824
1916  1561
272  1800
1037  864
1192  440
723  604
1836  1685
1233  1995
211  94
857  245
1610  504
1390  51
1854  1948
312  711
495  188
1948  980
1129  493
1256  1235
1672  430
721  1260
1310  1772
317  907
7  1319
1242  1874
1503  162
1346  34
468  16
1175  219
1511  1887
1336  931
1726  1923
1796  1784
456  1043
322  1859
1101  1708
977  550
1430  1455
1244  261
337  457
1191  963
1505  1297
1602  141
289  1201
1860  1659
359  91
231  1417
906  1369
45  1017
707  485
1168  972
384  1853
1317  1560
529  1081
1152  101
1985  549
1703  721
662  292
1228  915
405  414
1223  1369
1196  1859
1516  1570
1764  1099
1835  1433
1054  821
575  322
205  262
1062  429
1929  797
369  31
1957  1310
947  686
774  1600
1944  622
1111  1625
1157  1279
148  1020
17  1614
1495  739
537  994
654  564
1654  477
1735  393
1637  1090
1723  1902
257  417
1383  1258
98  1172
1260  1664
1602  1750
1836  1527
1500  98
373  1944
1313  1494
1326  1427
1943  1234
180  622
1704  1599
966  927
15  517
1484  1772
663  820
189  1769
948  1108
1465  750
544  609
1086  1604
1844  1134
1272  276
979  333
1156  1989
197  1239
253  1529
1527  377
1241  851
681  74
1800  914
1423  1742
1706  894
536  1313
1938  607
1289  327
1556  258
681  422
1994  1433
1536  1649
687  1760
1461  1676
852  998
1590  1393
342  1903
1644  1120
134  980
209  68
1953  442
1985  1970
90  1620
572  536
284  704
817  1205
61  165
1122  1693
867  1909
661  326
340  1970
221  31
658  338
810  296
1294  1962
770  1143
1825  721
1073  999
71  1671
1416  182
1719  664
1470  1147
48  974
258  615
1705  624
1491  853
1383  1042
708  428
917  1759
1935  1126
1548  1003
218  1820
491  1185
153  835
105  405
858  830
1076  1352
1461  952
470  656
940  470
1932  1148
1124  323
1360  929
213  1716
9  1005
667  711
1445  1687
1927  1007
1391  1654
1400  1174
699  1873
969  231
1926  608
776  567
1207  1085
741  1016
372  476
1521  53
21  1640
1695  158
1916  1393
1714  124
1560  1425
779  117
1045  1824
335  883
482  777
1398  169
1985  1656
241  238
1085  1823
334  1978
210  1205
1395  1478
59  401
440  1467
1860  1245
142  1143
1384  1573
511  728
817  112
686  171
318  1288
1241  1550
346  1959
681  909
544  529
378  197
499  1879
1931  759
710  1904
1789  923
316  1019
268  403
1314  474
164  1190
763  870
1330  958
1433  1164
1763  1322
1367  30
1722  391
396  1785
423  39
494  593
1362  1631
91  1991
1547  1204
1200  628
610  669
1569  826
884  937
829  463
1224  779
21  526
1956  1294
1773  1134
972  1671
1411  497
1957  74
730  575
1769  681
231  1778
619  1408
1333  1837
233  1347
1755  218
1898  1599
587  621
184  862
1116  1429
1399  754
172  840
1642  1276
186  474
1968  517
627  1874
1530  1937
441  1889
1650  371
362  259
794  276
380  1121
443  941
835  1132
606  41
30  477
1664  1643
1010  863
1453  8
1048  1026
1016  197
37  1692
1061  152
1372  93
1486  1139
1614  483
1000  1896
981  1861
726  545
1692  1218
491  1806
70  1582
1908  759
1218  330
1703  1229
478  1172
525  1562
494  1643
1189  755
423  20
495  1213
1069  1736
478  1071
1122  911
659  1589
1436  507
1022  320
599  154
1652  425
1491  1591
943  1760
21  772
1949  1410
1058  64
138  1000
507  1132
511  1388
1706  1497
1496  1276
592  196
309  1878
1903  257
1838  561
416  1523
1180  680
1763  696
1593  662
1714  1616
744  359
1090  625
1010  1291
90  1462
1232  600
1224  1774
1758  1595
127  1717
542  1494
939  270
1773  1557
1815  1160
716  1667
587  27
80  1793
441  632
1046  68
137  1071
992  722
1798  1925
1562  705
1540  645
1531  1364
346  1135
1973  640
1751  1212
1231  502
1094  667
919  519
683  1477
944  238
502  635
1430  303
526  191
1614  647
1090  1190
1910  1147
640  751
1490  1176
737  1169
1810  1574
901  893
1071  156
1519  1361
133  694
1987  78
1079  794
1505  25
1912  657
412  1898
1117  794
1717  121
769  875
912  1341
1199  954
1432  349
894  1086
1279  424
27  359
1223  1880
160  1376
1944  1011
1760  1182
435  808
967  112
665  1462
356  294
1209  96
1090  830
922  897
682  384
1203  349
1403  142
1866  264
923  5
612  920
1395  1279
1862  159
1730  848
1124  1246
953  1605
8  286
1225  948
414  1204
137  623
1238  1976
914  303
1687  684
1769  75
1421  1305
425  1740
1624  985
482  353
112  217
1718  618
643  60
353  1231
1169  1017
1062  595
587  1572
1817  176
411  1649
513  1145
532  1695
1203  916
1402  1766
1935  1325
1178  1664
230  858
245  106
407  1289
416  406
465  414
1336  928
1176  273
1799  1965
645  574
1416  1685
1883  1309
1774  320
497  281
1490  693
1673  1450
1847  1033
1489  199
1091  1115
1947  586
1106  1675
1052  1268
1156  590
1236  212
1241  700
222  196
758  766
1380  24
1535  1495
205  937
1113  654
121  843
1298  1958
1533  1239
345  905
874  685
1291  950
752  1394
1933  1840
1196  711
792  454
152  1823
1488  204
355  1109
94  797
836  1530
300  344
1161  800
232  215
43  192
1732  1509
1615  591
1046  1904
1371  93
1899  283
1582  62
1472  222
1307  476
918  345
849  1654
216  1312
303  1040
1704  655
203  627
570  1218
1790  1056
1495  1752
1131  727
1032  1358
1865  146
1086  1924
545  814
1425  103
621  411
964  1146
1047  706
997  683
974  1323
1473  1071
1343  1482
715  776
975  271
1753  1050
1507  289
1041  1428
315  1525
611  1265
850  546
1414  771
1693  1557
1317  1224
1073  1672
1115  1553
1878  1366
1114  586
233  65
72  934
677  1733
1022  605
940  1733
428  1864
120  892
1214  246
283  622
1157  58
826  1772
617  1849
1660  1744
143  1817
668  1034
35  1523
989  459
1771  1539
251  1896
605  743
1942  1303
1673  828
971  1123
743  511
1831  1082
965  1441
1984  317
772  222
1869  452
189  1300
537  983
480  803
508  486
1387  1973
1311  125
1511  494
566  213
1480  1917
1652  1738
267  1182
1976  1787
1948  526
1150  145
873  371
953  1884
1458  1699
1007  1880
1903  335
268  1445
1610  1677
289  358
1144  1372
1247  538
790  1517
1296  629
1273  1203
1115  1639
796  431
428  814
1786  1889
1836  715
1819  77
1004  50
880  613
1823  159
949  1810
1256  1563
337  509
1078  781
761  1112
1051  1282
1917  569
589  569
1130  1377
64  1094
1845  255
1065  1840
1325  1814
696  1061
1831  66
1364  1191
1917  119
1079  1195
1856  171
1927  1890
1089  1810
1704  1919
1904  1000
1544  1132
1031  1800
406  1093
160  1187
1319  1349
1045  876
552  1532
25  599
755  1325
1635  1233
1023  1718
1872  557
921  1084
1465  1131
1118  743
1160  329
1473  1046
395  107
310  1236
1970  748
115  1636
1571  1065
484  830
595  635
1593  1307
999  1047
1656  100
1627  1298
510  1926
1912  1159
670  792
706  1853
1077  1405
1906  1702
729  633
1390  91
1584  1641
1304  1090
1424  1667
1199  685
377  294
1871  1401
1613  582
1590  517
176  510
1204  1491
913  1123
1995  28
1579  175
216  1804
8  1020
1273  529
72  1387
1731  244
1152  934
892  874
1946  1065
1  715
1161  670
1601  1565
277  1399
1414  874
1331  874
558  242
518  925
971  772
1358  1684
957  1961
698  204
1142  30
384  1399
645  2000
850  119
1672  1410
1521  642
1794  1570
1045  1568
717  901
1121  264
1658  45
1481  496
912  1253
1420  284
1195  443
1225  1348
1904  370
1608  706
598  695
1426  910
544  1685
1625  1754
1469  1802
743  1215
1255  12
1633  737
1874  781
1708  1434
807  949
501  979
1929  1306
658  1234
1314  1098
1545  1718
1808  916
1794  1994
446  204
1526  935
610  349
932  611
23  1472
654  428
1439  937
79  1437
1634  998
764  1072
1876  473
1297  1073
426  120
