5000
1360  754
660  715
1202  300
785  1397
1554  803
904  389
988  643
800  1364
1503  846
247  717
1664  1807
1056  711
1167  1616
1682  1170
606  196
832  1929
55  82
362  125
1687  1957
1611  566
1144  1407
179  667
1554  85
606  1021
1307  1390
863  14
508  1135
434  1024
1273  1588
96  1979
739  340
653  1131
113  1277
83  460
14  23
408  894
1832  258
499  1294
1234  1168
1602  586
1461  1586
1090  318
1008  1578
717  1001
790  1509
580  668
1537  1337
1715  1895
363  1520
1666  1964
605  551
641  12
440  602
1715  6
1795  846
1710  1942
228  1868
1069  2000
1530  1056
344  258
1320  527
644  1214
1670  1355
1236  672
3  576
283  341
171  798
502  96
957  687
1400  1175
1529  175
782  1830
194  1524
1448  91
1613  527
561  641
1638  84
224  799
1587  300
1924  1060
1124  634
1214  1390
615  508
1626  1973
255  1797
1802  1676
1817  1052
1194  1381
1631  645
65  633
842  1805
1053  80
875  1880
206  690
1991  1202
294  1812
1798  1882
758  1222
399  543
387  1311
1139  1874
1848  1987
814  63
1602  426
1819  1599
1180  647
1047  1734
555  1414
1804  924
185  1081
1063  1434
1204  1271
787  663
1775  759
1091  1512
1348  760
173  111
1703  103
1977  1128
1012  1268
138  876
641  722
454  150
1141  1348
659  981
1887  698
1268  1225
1710  372
1646  706
172  1257
1131  515
1594  1078
481  526
1133  1778
1018  1002
1290  1291
1445  1001
693  1042
1858  1604
1467  711
96  143
139  32
746  404
15  851
1610  1493
185  1512
909  202
722  670
659  539
377  1518
2  92
785  1203
1482  1015
463  143
226  1845
3  1398
1024  366
1484  262
10  629
1416  122
833  335
1441  642
792  639
45  1027
1576  307
1349  497
857  1803
724  268
1373  958
156  1080
1187  1163
758  1296
1974  904
199  1810
365  1573
1653  671
1573  150
1293  1266
1423  1639
1243  840
209  1244
1512  1418
779  1503
163  217
814  355
1578  1517
1690  1667
1760  1305
856  561
1586  423
405  260
4  245
871  767
1108  1049
273  1518
344  1624
1620  527
135  1727
1825  1905
1741  484
158  201
538  650
271  1041
299  137
1883  774
1863  1038
252  1895
1081  1066
1206  1751
793  248
1727  585
419  277
64  1717
322  1138
512  934
903  555
747  1949
454  1124
13  590
1981  369
35  1590
914  438
682  1970
780  149
484  1205
1625  145
1449  1713
815  1040
1649  1342
106  873
311  1663
796  814
1306  958
1710  286
298  1131
1117  1307
1859  1069
1360  1950
833  1387
750  363
1340  965
1921  538
909  761
1027  1168
1660  1016
733  799
1946  381
1015  1732
551  645
1795  872
1900  1447
1516  1532
77  1311
987  576
523  500
1601  26
1912  1027
791  229
1616  984
209  548
202  1019
16  1541
583  1138
886  1734
635  257
897  95
452  1412
1713  167
985  1421
1632  1761
1171  1289
654  321
1884  768
682  1630
1917  1552
1187  467
95  246
37  1219
834  1272
291  49
1185  1208
1888  911
1667  84
52  127
1960  5
1444  649
1231  1784
744  174
184  1290
1825  1802
565  224
985  1309
199  320
587  1807
1129  326
1747  618
883  363
306  813
720  1945
532  1658
1127  1207
1869  1533
1163  569
1794  1408
1719  982
1445  1142
1331  891
932  1707
1735  1134
1763  512
1908  1037
356  1722
194  618
125  605
476  1536
1790  1370
898  1665
1491  1755
233  162
728  884
685  361
706  1447
1162  940
791  363
637  311
361  755
1212  1573
390  199
1798  652
1898  1502
243  110
1869  1410
1098  1111
1872  154
1608  1487
1480  96
1379  1923
350  93
1571  1560
886  527
1935  32
1716  1011
1619  106
232  1635
1485  322
1827  1418
210  1663
171  1256
1857  300
137  1840
353  456
1158  1534
1212  55
353  321
941  1360
1781  1229
1951  1631
1551  936
227  1192
223  182
517  1660
982  1223
1881  28
1109  735
1464  1008
307  1387
1344  377
1046  1142
1877  1236
679  1279
675  1627
973  1437
1885  1353
644  1735
1881  1374
1587  1267
1214  1956
1465  416
1113  175
1290  922
180  441
16  748
1284  756
913  1735
1255  1842
78  774
284  1090
310  667
1561  974
1330  839
199  1945
1653  1796
1906  42
495  1692
995  679
1319  751
1186  451
1399  1793
1610  1605
198  1107
1804  361
1291  493
1025  1215
1294  10
121  564
714  1810
1202  215
1248  360
871  1574
1409  1977
844  1104
1632  697
232  1439
1443  1872
1780  405
947  401
1937  1888
1952  1994
1805  433
878  1353
674  839
1254  1435
317  152
1327  1059
283  624
666  1511
1120  385
1537  1291
1321  966
1894  741
41  1851
126  1738
1275  198
862  448
1649  993
519  1522
915  1662
1927  665
1050  1691
171  519
579  209
950  699
55  834
1343  1888
1975  656
572  741
1597  1100
776  545
1222  506
1224  388
1295  836
1017  1236
1097  1107
271  1416
1128  252
312  371
627  525
354  527
467  1270
1603  932
903  1422
522  1944
983  1608
662  660
742  20
1267  1020
1174  58
1618  946
44  878
524  1600
1477  188
1138  1488
246  1328
203  1848
1227  1368
1771  1439
253  1188
1519  1154
1371  347
1066  1176
239  1032
854  306
730  828
1280  1434
1540  1091
939  1094
1130  1051
181  696
1157  1717
176  963
1161  1349
1707  1469
122  405
1134  1553
1402  724
1553  1907
183  1463
996  72
72  692
1013  1037
1417  427
387  1358
1003  1775
1423  871
692  1348
984  1356
1077  1450
1930  1350
637  541
549  209
1152  873
345  1438
152  1988
1452  1969
537  805
652  347
671  1108
961  1922
1398  977
276  475
1173  1048
541  881
53  810
757  1295
290  1935
525  972
1689  377
747  204
671  480
1489  669
220  597
1995  1539
1548  399
1875  437
1243  1649
1710  715
731  459
163  919
545  1263
834  158
1939  1070
1825  787
1520  471
382  1230
1656  262
354  417
1292  818
1295  930
1509  882
1715  178
546  574
833  595
1569  456
687  578
1839  529
103  1417
800  898
133  891
1138  77
111  583
1907  831
1022  1243
1730  810
1225  1483
5  971
361  175
949  435
910  93
832  517
1821  1974
1330  1406
654  1123
910  360
13  1378
1174  1424
1086  401
1921  55
679  1541
911  817
659  346
1580  784
868  358
1766  125
275  523
977  568
1523  1515
829  1682
138  354
1801  407
75  302
1928  548
1050  1741
1790  505
1193  1304
1616  904
1378  1119
286  904
349  744
902  1069
949  302
259  511
386  712
1530  509
492  806
569  1910
160  657
937  958
1417  1355
1454  1473
577  1385
1247  1206
529  699
481  751
945  174
126  1793
523  1859
1773  360
952  276
393  24
104  1512
1961  1749
561  1415
541  509
1173  1033
724  318
1885  953
929  567
1447  92
867  589
914  35
1534  1207
520  1602
99  1592
253  903
1089  168
1253  1315
1169  1172
1504  1375
1921  693
1599  1092
1625  445
880  1246
1091  421
1518  1467
1666  224
1889  1894
1276  1696
90  150
1216  718
746  1753
1259  47
161  177
739  469
854  1739
822  455
6  980
336  1392
130  1312
596  1067
1950  913
570  355
1551  1672
1384  1614
1048  1235
990  257
1271  464
716  1418
952  1618
1543  363
867  1948
1344  1734
689  181
786  1454
1060  812
1172  1624
1298  373
695  251
1390  1267
1658  18
785  919
1553  670
1717  711
640  257
1976  1795
701  1744
693  543
530  953
1426  817
1124  674
153  1033
1251  797
1108  1130
1390  1098
431  1366
1370  1751
1682  78
886  224
1509  1877
621  1765
1235  181
807  118
1921  404
509  1408
1799  1211
1710  1880
1138  1183
807  1941
292  58
113  516
860  1969
1303  892
1015  147
878  745
1642  1666
1115  1663
1514  929
1814  252
1155  1904
592  475
1675  970
1453  1740
228  1580
1202  486
1214  888
464  869
876  1392
550  761
695  1756
1736  1828
28  1298
1886  52
1585  809
94  435
1000  993
656  1657
1057  1609
1984  77
1005  15
1729  1472
776  63
781  227
231  547
1187  202
152  1397
1277  96
962  1316
1102  191
798  793
1973  939
910  246
933  1548
269  1031
568  655
1263  1331
754  251
796  1871
1654  1963
907  1537
722  408
1638  1364
1391  151
1253  1050
951  559
1977  254
1105  1801
938  1195
643  232
463  1897
137  1958
675  682
253  1476
1952  1979
1060  72
1519  1174
696  911
1890  112
890  1736
780  356
59  1472
275  514
389  1857
1304  1536
4  575
277  134
171  658
1367  1581
972  1114
167  516
1957  1896
1729  1843
422  1525
1314  1782
1277  1024
1408  1762
817  1457
88  1117
1043  1025
1489  1104
320  50
1739  1338
1910  1973
1921  1609
1360  399
481  1273
809  1293
1793  1693
849  554
1928  593
1835  89
384  484
639  51
1018  718
1883  1158
1855  1979
1525  356
877  604
800  538
1556  974
1778  693
1896  1709
5  1037
1908  990
1400  1403
1005  877
1424  1880
799  140
406  39
532  700
221  996
1360  0
1944  1410
1007  1830
1609  381
870  1490
1372  1875
876  1644
224  1471
1517  490
797  1871
1624  1873
1686  531
928  307
1783  624
1333  276
1227  678
652  206
1159  1082
1853  179
950  1376
326  1694
1831  968
150  138
1764  566
1780  1518
1792  1946
694  51
1052  1657
1203  1105
1341  1062
1297  1449
601  314
684  1836
1017  612
490  1528
1760  1646
1983  52
1958  1858
1557  681
177  490
218  620
1719  530
885  589
1859  729
1683  457
306  1476
1189  791
1456  1399
681  911
103  58
1955  1713
183  1939
1335  1040
1021  636
1435  483
397  1498
1641  577
1229  1479
155  1039
1270  410
1722  161
978  854
1644  985
183  1771
1085  1341
32  1165
1785  1687
573  1614
1239  143
235  487
881  274
1674  1177
826  1618
1975  93
490  1569
1142  1424
976  427
759  1871
7  929
1202  97
361  863
1477  819
409  1035
1071  1809
9  1926
1790  53
1150  1568
943  1153
1009  1655
1369  811
6  1900
1089  145
1005  32
850  921
1279  642
857  1675
852  56
978  1621
1621  176
1344  1978
1580  492
1646  370
609  190
1255  1844
167  1637
1806  737
1197  253
820  1098
800  1571
1515  408
341  1919
61  1088
1618  1332
1365  460
1678  760
506  1847
321  1752
1430  1700
1379  1572
1270  598
543  656
236  1274
558  1074
244  1720
1337  359
1505  526
1112  486
1058  1072
1991  1498
1784  860
386  1488
1403  508
1440  402
1454  938
1800  1831
1079  964
539  729
1366  489
1196  709
1468  815
1233  1303
380  132
323  824
474  264
224  732
777  1382
299  811
1207  1900
1172  1374
1314  1366
1949  75
1159  1544
1409  1323
1235  1495
1194  1417
1027  1913
732  376
998  1861
1024  958
319  1496
276  1724
1677  999
1762  1245
1761  1084
773  163
281  975
1818  731
1889  982
1018  525
670  1073
255  45
1864  168
1543  179
1283  96
1999  1461
268  169
1352  687
506  613
959  508
459  1122
1849  1035
1552  651
953  870
1931  817
1158  1386
0  1868
792  495
262  126
294  1833
910  1302
1717  1592
1556  534
547  1450
128  1184
1982  1487
311  508
1231  714
517  1632
1775  360
1897  188
1093  1942
647  253
1935  1684
1713  1485
1000  1617
182  1037
1594  972
841  1151
1456  902
682  686
928  1047
426  954
1360  1453
890  1053
1152  1826
1666  692
1195  1723
1899  1425
44  353
880  122
351  1324
681  1730
1717  1077
1407  452
462  605
196  1000
1812  990
880  1666
1652  1154
136  182
732  651
475  661
74  257
803  1754
1602  967
751  1224
1219  1886
564  1956
947  1769
1752  1273
540  339
790  398
1669  999
622  650
1010  1727
976  1012
282  268
821  1526
317  1069
1809  854
920  920
1098  1374
181  1045
1461  1305
1379  1649
1189  209
1372  446
100  1211
203  1004
71  1829
1663  272
554  1497
1665  260
1126  279
751  913
1636  587
1345  1968
1394  1118
269  184
1127  1832
875  22
204  1897
1967  1542
88  1626
1652  1303
1937  580
73  606
808  992
324  1333
1322  703
1070  83
883  1873
726  751
465  1127
561  1010
387  65
1973  1685
417  885
907  762
1965  476
705  1127
1811  1594
1047  231
1791  1586
262  1405
212  1762
1081  753
387  184
588  362
1307  1577
911  1864
1623  1971
1962  1502
698  910
944  1214
182  271
276  1887
1044  1504
1768  1055
1293  540
1975  1503
1173  1833
143  909
1962  315
345  505
0  1568
1601  1715
211  783
1083  725
203  1613
1480  1307
355  1179
1326  1897
222  582
672  1787
1709  990
1445  510
1878  645
1973  1259
1401  1516
1711  1484
1859  736
1058  1127
260  89
602  1299
735  215
1160  682
404  1577
964  1950
283  1998
1130  801
501  1060
361  928
199  805
1290  167
970  1586
1215  1192
1009  740
1585  755
1064  972
85  1330
329  964
244  1727
1555  1069
304  1848
518  895
825  883
1386  679
561  1414
1076  1800
1662  1400
1554  1975
833  1503
286  1369
94  354
945  359
1772  1914
1962  1941
158  719
845  1462
1363  397
1600  1301
663  1215
325  126
957  1841
1728  936
629  1248
415  892
676  1356
400  1313
75  1888
925  647
1595  1491
165  261
1311  1115
1849  1189
1464  1843
1497  59
623  636
1907  1765
1933  576
1489  1677
356  1626
1524  1097
1846  121
1873  1545
1869  237
449  471
174  1304
712  425
556  56
1038  664
1905  18
1611  930
1461  664
1935  1251
979  1105
1943  1289
1938  14
321  1086
1479  1363
1551  907
394  676
576  1337
771  195
1572  1982
1898  399
1535  1287
122  1152
201  980
1786  1745
991  1127
786  1092
762  634
1779  977
1149  1121
641  999
1810  1516
1525  805
722  1538
629  28
1932  1001
1416  911
613  383
1403  1331
1676  717
1301  1808
562  1238
264  586
366  751
658  592
1541  1877
1824  598
205  1684
1455  1159
1519  663
924  593
440  1810
382  1506
988  1982
1536  1560
486  462
679  712
826  1591
1016  6
1491  609
1810  264
377  1208
1433  1322
192  1580
887  1261
1095  609
1934  1953
1001  1571
578  1943
944  143
251  705
1187  429
369  116
1181  953
1591  99
696  1273
1421  1295
259  663
1269  1837
94  1853
1472  887
823  930
269  1884
1371  1019
1935  1483
1746  382
1698  657
892  735
1629  14
1364  1471
1559  943
236  915
143  1773
944  977
1332  757
527  1341
102  1265
1148  857
306  159
58  1689
700  1726
803  782
218  1343
198  27
1031  841
752  628
1572  487
1284  1318
1804  1676
876  1684
183  1319
1264  1328
1174  1166
697  157
1046  781
710  210
397  1676
178  632
367  1431
1224  726
1756  1929
1077  1575
1740  626
528  1331
862  172
89  947
1549  996
1123  1713
31  1739
88  1145
410  481
1534  371
588  793
150  912
818  1799
134  883
585  1962
215  1294
787  270
322  1003
372  1108
1554  442
34  259
600  387
1025  1735
1370  1671
1892  1587
164  554
1910  34
698  1403
1936  1349
395  462
676  1530
183  1641
1062  1781
330  729
1501  1372
203  879
815  1477
1042  87
1172  21
15  1255
1257  609
70  1636
1918  1094
175  693
882  77
552  1988
282  1058
1504  1351
220  1594
595  1108
79  1422
915  783
1507  367
197  1803
901  1781
207  37
959  848
1845  981
43  953
1230  1954
1582  1874
1203  745
7  923
1510  45
1598  22
1755  1745
1177  1304
1243  1798
457  614
1123  1488
1579  576
1799  811
1728  1002
533  1964
1788  1341
1217  1783
1105  280
1131  42
1250  1954
779  629
1054  1719
1264  1850
1396  25
1540  1942
1111  732
1013  1021
1263  113
1426  806
629  238
1671  1855
1757  1523
467  411
1850  1239
838  1581
426  772
213  1225
1572  474
1293  1955
308  319
1783  852
1179  1395
586  1812
693  317
1834  323
922  965
1679  1170
29  1588
903  1058
1451  593
1026  1356
500  1953
1982  503
1962  1792
1319  416
1630  1493
817  348
1009  848
138  537
1937  1131
2000  346
271  14
1012  1257
45  1235
1783  835
85  1582
1320  602
113  1492
584  1333
1132  1154
1244  376
1279  2000
1554  1419
333  451
1785  1569
250  59
1408  1706
1585  1037
1579  929
1313  755
737  1001
1173  943
106  128
1843  1546
294  1465
1036  30
1685  714
1402  1737
1581  1608
1515  1902
1057  1713
250  1994
22  53
1171  1024
1741  878
1083  1709
1535  1863
1640  327
958  1449
1844  1658
1816  1159
390  1931
1978  99
221  826
1646  50
1858  1771
9  1825
195  1934
1967  29
461  1075
1139  1735
1188  254
1962  58
138  835
1078  1253
1916  221
1162  480
1935  568
452  543
1250  1668
227  381
1526  1193
1402  1842
369  1225
692  502
1606  1511
640  995
1234  194
655  1789
991  1892
658  276
516  1060
467  762
1377  1822
1187  463
126  1880
321  1821
4  1704
1795  1391
1183  768
1379  1587
1627  1560
724  1395
257  747
1183  309
282  339
130  437
101  1477
204  626
1859  514
627  1215
930  851
1272  611
994  237
1067  1215
346  1236
1858  764
1405  242
1922  1378
497  185
1311  902
1353  1308
1947  956
119  1204
660  248
149  505
1425  1325
708  804
791  757
1061  928
1971  1860
481  1279
1110  291
586  1662
176  1141
1398  1238
1181  589
1811  1246
1208  49
1807  1386
1544  1148
186  1463
1048  1339
1836  821
1983  143
1570  1195
1466  1208
32  1254
896  1710
1785  587
523  1413
1796  1687
1585  228
1713  352
696  499
504  1856
428  423
376  460
636  912
965  162
1385  1865
139  830
1276  466
428  1126
1712  140
1882  111
1222  1800
1421  935
991  1217
831  1753
219  1803
1432  1867
1016  1468
447  1697
1669  1141
244  675
1827  1083
855  1752
634  481
307  1956
1210  1919
685  1196
1072  1133
531  954
1847  1538
554  827
655  1824
1867  1222
1939  858
1985  1805
1887  1972
297  1103
855  81
119  481
874  1219
870  1836
185  1710
408  1241
1042  1510
68  1515
14  1463
1487  148
27  1999
825  1703
1257  648
589  989
88  590
1785  328
987  1023
1812  437
871  1081
164  305
1214  1776
1170  324
273  545
409  796
423  985
1576  1309
939  1691
941  459
120  1796
591  410
677  1491
580  1996
1198  203
753  612
1851  1688
1765  466
1710  100
650  684
1092  523
835  653
1484  492
1357  868
1814  1163
131  833
520  1861
588  781
1734  21
879  1292
1522  298
110  1176
947  1225
1245  612
1881  1797
555  44
1893  1111
1119  11
469  1862
702  1816
56  1633
1785  1586
1882  284
722  37
1312  1552
1210  321
1622  164
410  2000
1637  349
892  730
1646  587
124  1385
362  564
1484  364
1955  395
1390  1344
209  703
110  611
923  751
1040  593
1774  1934
1435  1533
460  668
687  1840
606  1645
1859  890
1717  758
344  1169
736  984
1573  963
498  1841
1933  1059
900  228
366  35
1387  93
528  1956
685  1101
221  1848
1925  1436
1108  961
543  117
1705  1019
878  575
606  1074
1074  681
1018  662
214  1943
1692  184
1081  1594
838  1250
1420  1996
1182  740
507  1298
855  1023
554  159
722  647
333  1211
1578  687
814  1146
1983  1395
496  1750
1991  13
989  1104
685  1860
459  41
893  781
366  1296
923  89
1501  825
838  1623
464  1940
571  198
232  1346
655  1291
976  1638
1094  204
962  1842
1872  683
1445  1665
471  108
1274  327
1696  1849
452  180
1909  464
1199  1154
1082  1404
1407  1279
1955  689
1560  1843
1612  1297
126  1017
916  1921
96  191
1592  1307
1242  795
21  516
991  733
773  1114
1871  1008
487  1397
324  517
1105  866
1948  1815
554  744
1918  1786
441  1016
107  818
44  1160
1550  156
603  1894
991  1097
1204  347
278  1976
1386  1954
1775  574
1647  101
1495  744
1231  160
271  1515
1227  1944
669  1382
1380  844
1610  558
712  609
755  1023
229  636
1792  1440
82  399
278  400
74  122
575  237
246  91
654  555
297  499
1020  1779
655  481
1185  800
451  66
161  701
895  932
1620  334
794  1749
561  1984
89  731
548  489
671  1499
208  1437
44  1280
1327  1754
963  1964
73  1570
463  233
1542  830
363  1144
1112  450
1643  572
1889  1528
388  931
373  1351
1125  1162
589  549
1738  115
1436  1212
1655  1125
1837  578
1581  1159
473  346
248  1110
738  437
109  637
1639  499
71  288
300  1576
336  830
1966  1653
1592  1681
473  1869
1141  386
721  1590
952  1563
1609  418
1397  853
1639  72
921  1043
1607  1289
1958  1900
1871  1992
1689  1974
999  1534
1459  1136
665  1796
1135  20
980  727
463  142
787  1239
1756  735
614  506
1478  1169
1362  451
588  72
1387  1446
1869  1506
1510  1405
1497  893
435  946
153  898
1354  483
547  1585
974  835
775  1953
1878  1146
1422  1716
96  763
322  718
1976  1938
1456  1999
527  454
328  1088
1760  798
190  740
1594  1130
542  1393
1045  332
1237  101
1030  1435
1089  1036
842  50
1957  1367
166  422
1007  144
332  1807
1109  437
116  210
853  1345
859  1030
279  1838
477  428
490  108
1483  1337
1241  1554
1451  1274
8  398
372  1989
1460  635
1218  1089
1987  171
1358  713
1623  1327
1262  1633
1880  58
1189  1321
1103  1580
1412  291
1087  1303
1029  1081
1729  566
650  1742
534  105
28  851
1709  494
11  337
676  1283
1470  1679
227  602
660  494
41  1539
1064  157
510  504
1421  922
86  1093
1802  372
1585  470
1656  272
601  1917
114  1056
302  204
518  1500
1284  51
159  1697
532  1401
1956  1185
301  1340
1550  889
546  1638
1220  988
1703  754
1866  1607
1643  1563
1808  1212
1936  1708
124  1664
971  1140
463  925
1750  337
1874  504
260  1988
445  1054
1229  1294
128  1244
1145  963
554  9
325  940
1237  483
1934  983
880  1352
1160  386
964  1812
1092  429
704  1030
1461  1186
603  1352
1707  805
514  390
278  756
940  747
1679  989
1754  1865
1715  359
1244  30
1709  1120
1663  411
61  1303
504  1861
179  1057
1557  1798
684  361
1492  1715
60  1438
837  1304
362  1344
1116  109
572  1417
1648  1173
780  1555
1924  361
103  828
496  177
1069  1977
835  1752
353  1223
304  149
1590  181
1896  1581
1005  1393
1633  1832
839  294
1768  311
741  1148
372  542
694  1211
806  942
1426  762
1469  1250
974  1157
1041  976
1838  1603
363  219
1540  1153
268  1837
827  1929
660  1933
1687  241
1957  1666
1924  1520
461  736
1795  1122
1587  926
1422  1163
988  53
1926  1144
451  859
1109  317
1534  1379
1609  1946
812  1812
1435  1044
1284  1945
1270  113
1995  1658
357  1383
167  326
34  88
1684  1612
1591  75
1675  237
1236  1095
784  184
1887  1173
1536  639
504  414
654  1710
1732  465
690  1325
236  1845
1772  1296
1439  1949
1012  195
1287  194
159  1709
1584  534
318  1519
425  664
1243  1620
224  990
1390  904
1379  623
1241  117
160  400
1006  1734
358  510
1593  1615
1059  196
324  958
477  1579
1898  1907
846  293
1779  1094
1005  371
1632  1790
1705  1389
1824  473
1340  284
931  476
1979  1974
997  99
780  1610
112  1842
766  1350
514  1009
1428  633
52  1481
930  1577
1743  741
1373  265
985  1326
1062  71
773  1028
187  1972
1858  398
1666  1906
1399  1766
780  303
54  1109
1732  1754
1724  1510
1527  774
1483  1638
1170  1321
303  1077
673  829
1040  1898
1149  524
151  1524
1825  286
1687  1225
1788  1323
1969  258
1648  1415
1710  1322
1678  670
87  1157
55  796
285  921
1862  632
589  394
1945  229
1184  758
1100  465
787  1128
1405  762
45  172
77  312
308  1692
885  1739
1196  703
361  765
1369  521
661  1553
641  251
1124  953
1625  1989
79  1993
1566  703
1827  1557
954  1546
242  602
1731  1345
1168  957
439  634
1112  538
874  1908
794  212
1517  917
1406  1018
212  1512
1162  821
875  361
607  1220
935  733
1835  1389
1037  1257
278  1167
412  855
967  28
800  1956
1214  690
155  1029
1915  1351
1120  34
437  692
1672  746
270  1849
3  1776
539  837
55  1144
799  590
507  1975
1486  1665
639  93
474  1940
126  547
1537  1342
1290  1302
1605  1749
310  707
1627  1699
763  1904
417  375
1782  166
1978  296
1427  355
1431  1694
347  67
709  1718
770  1415
766  1722
1517  1449
1500  891
604  459
710  193
139  1749
682  1051
1404  982
69  203
79  594
856  226
1955  28
1422  244
788  436
463  1360
260  1641
587  311
140  262
739  1349
589  1815
1107  2000
28  1424
1463  1892
485  884
701  87
402  1236
965  304
1140  736
1730  724
1207  298
1604  31
1069  1229
1991  239
1347  198
1809  1288
873  666
930  1345
1454  594
1594  1559
1243  1675
63  1601
747  880
363  1132
565  219
566  721
243  90
1226  126
1204  992
813  884
1848  1718
736  294
480  913
73  13
696  170
1044  1163
904  587
87  1952
1822  1489
668  1365
1878  1307
1410  796
359  729
1932  1077
132  558
356  391
1625  1585
642  822
1047  376
1625  915
375  1026
670  1168
1037  110
731  1044
1361  1853
187  1481
176  1888
1284  370
58  1855
1618  1925
554  690
758  588
108  1136
1371  1987
0  1347
1614  1463
898  36
918  1009
268  234
481  1085
1208  1780
139  450
144  1368
1293  882
502  327
1032  1861
1813  1344
1673  1633
19  1191
1929  789
1605  1286
275  915
1388  1595
289  629
523  95
609  1508
1627  1306
68  1379
1287  486
1810  1238
69  828
75  564
172  93
967  1575
1542  1302
1525  1122
1324  1031
719  1325
1489  1906
1551  1622
1835  869
1843  1110
1052  6
1015  758
934  1787
104  1862
1032  1049
566  127
1246  19
127  1479
1969  475
1449  1327
1711  661
1658  987
1146  1605
527  1674
48  1795
890  1621
1721  622
961  1326
451  1991
1987  1150
241  1288
1333  1760
1313  1903
1953  680
1073  1263
158  1880
251  1678
1152  224
1355  920
565  1043
106  286
1885  534
438  1958
1812  119
1261  1140
1283  1823
529  1431
422  963
5  313
1806  923
1402  1915
254  1125
1149  1096
275  729
1535  1441
1695  178
1963  587
126  1493
1743  265
395  503
649  568
231  9
1070  518
1398  1906
177  1547
1949  1006
769  1675
348  617
816  1706
1531  277
128  1166
1624  751
1360  1644
124  18
1137  1369
136  1095
1405  1054
1119  1472
1173  1734
850  1152
483  1575
316  308
768  1381
668  206
703  1717
1912  426
1976  456
1581  1428
227  1959
379  1436
1256  1383
564  390
671  1087
941  1240
326  1
1932  816
1596  1553
1861  627
1791  203
687  1254
280  903
1595  663
185  419
1725  616
1035  703
641  829
233  332
492  199
1206  646
1098  1256
1224  79
621  1425
1131  602
857  593
1289  396
72  340
371  344
912  784
802  651
159  1333
804  479
1357  439
633  557
1424  1433
135  1411
1943  313
1002  300
263  557
928  154
735  216
1979  462
948  641
1453  141
1894  1046
1222  589
883  601
758  1065
412  1399
1745  96
1190  1907
250  1462
1111  955
1521  1925
1125  972
1603  204
188  549
1169  73
453  522
13  17
1365  411
507  1092
1943  1406
1454  1977
562  1924
1332  1817
318  1574
19  1568
677  654
1390  350
266  366
363  883
1875  1274
1806  1805
190  578
999  430
1050  1786
1757  142
1443  1505
939  1915
1082  1309
1041  1025
91  949
682  1109
1531  84
562  664
522  251
792  1996
1666  1899
1022  345
1130  212
1273  321
1076  426
1119  1126
1460  780
175  1193
1810  395
1135  538
952  392
680  1481
1249  1379
556  855
1023  1924
1532  397
1760  1935
743  500
1091  552
1696  634
881  1557
704  690
716  1920
372  1608
1420  536
1424  1265
1365  180
590  1533
470  1635
1182  682
1967  1533
1474  1657
867  1319
893  615
1965  1609
1160  58
1465  805
1060  1878
1615  1507
908  836
1445  827
77  1362
1482  616
365  1093
598  1700
1852  1848
645  467
1129  1955
1781  374
93  972
270  1577
678  1657
100  898
335  373
853  1458
1576  22
1434  98
1449  1360
392  1287
1758  1011
471  1417
1560  1371
918  1952
863  1325
798  1952
229  1306
281  1958
30  917
1130  1598
1818  740
433  1235
992  267
1389  372
1733  1779
1466  861
1381  1826
1782  1593
1174  849
1349  1522
566  1777
1293  744
1085  1092
1839  1356
93  569
333  1772
1595  1599
1837  1250
586  1474
262  472
1419  590
1930  320
802  895
370  383
1344  1006
74  163
1452  1332
764  72
57  203
1543  317
836  2
94  178
859  370
1819  1367
804  291
1679  817
131  968
807  489
903  1182
93  1622
1643  1228
989  487
1055  1517
50  1251
89  1271
992  79
129  1949
99  40
1306  1149
1103  1510
807  1148
1550  619
1277  1565
896  858
1983  890
1063  1819
142  1632
1872  1570
1056  472
1643  1385
613  160
1486  838
1820  959
692  1185
1055  1095
1648  1938
364  1282
1273  895
933  81
907  1146
383  386
238  238
1202  185
629  505
1615  1338
1733  983
4  1751
648  91
966  1512
325  1578
136  656
1476  535
1640  511
360  876
570  1373
840  496
1245  1507
1946  1690
496  1598
1882  1810
964  377
766  1330
541  1480
1094  1389
561  174
47  818
1684  1690
55  1394
128  1349
973  213
1504  83
671  1926
846  1014
392  164
304  1230
1248  1806
168  229
970  361
1574  113
834  1424
971  1750
559  1613
1390  1067
1229  1252
561  1976
1041  726
649  799
715  1190
988  1546
1664  1724
1183  492
391  1013
166  423
906  1832
1040  1828
1556  870
274  1712
1914  1864
847  1273
843  608
386  1366
1068  644
567  1912
1333  1023
344  1006
1069  1037
812  411
300  749
546  1021
1595  328
1805  654
773  113
733  1429
1111  966
1415  161
1099  923
6  1133
1988  623
1217  1147
197  1235
405  1685
291  1748
97  539
3  70
1571  172
1672  1266
1418  1176
1341  257
1545  1973
877  92
1592  1240
967  118
425  1457
335  1930
1012  766
106  1019
209  1241
779  1924
569  1206
53  255
41  1921
1767  90
1425  1357
301  1174
1673  1263
1659  1946
1815  1496
497  1507
1612  741
887  1548
1218  1210
1715  315
798  180
1710  1582
1493  172
636  127
1786  1969
1892  950
164  1976
27  1977
1955  690
1212  1349
1669  1533
731  674
9  1062
429  891
1851  1571
635  159
408  444
860  1159
966  340
1486  1708
1647  987
1106  1941
1682  950
1762  724
992  45
948  1249
1531  1437
925  1457
1999  688
52  733
19  457
584  1318
177  29
778  1291
9  912
229  1777
1018  1540
1937  1389
782  314
1590  1122
516  1518
1760  578
1167  581
6  333
1591  1024
1247  1949
782  1162
841  1827
1752  532
1416  1044
1380  1067
912  462
485  382
948  1211
718  1131
705  372
856  908
1147  1504
1975  1089
460  486
1246  1519
1666  1946
593  455
1089  1830
1584  858
1312  691
524  1319
766  1499
1808  366
270  947
851  1981
87  247
977  1665
223  1894
1724  507
1308  1158
1626  1980
277  1081
1175  1938
1745  1606
262  1478
858  68
537  1661
1967  1873
1048  261
396  1531
564  273
1528  500
1159  673
1391  1332
1296  1988
200  665
1711  184
1885  204
253  514
111  1
1252  1795
1845  696
618  253
1418  586
1291  29
1902  1457
1652  525
529  571
578  685
1693  1216
1078  1966
1289  1298
910  153
360  0
1098  121
358  1219
1585  1353
322  1273
1409  533
130  369
580  1284
116  147
1136  224
916  989
1263  39
316  1544
102  235
1465  673
1521  1857
170  909
195  1514
246  164
924  195
703  1159
113  1040
1445  1409
1460  1951
1661  1696
964  998
273  390
320  861
1203  1042
1261  153
1741  1076
660  1100
676  1389
323  1741
794  1926
866  81
1018  67
1651  412
1157  1503
1709  1733
2000  1875
573  1217
1818  584
1096  589
187  1244
816  1179
1063  272
222  435
1966  1393
761  1158
73  1518
919  522
934  1959
1085  1320
570  1568
790  1391
825  1102
313  1531
98  1446
1827  1900
975  914
434  181
492  166
1005  1230
613  1860
15  894
1037  1532
1095  1683
1195  376
1636  472
1276  743
331  1743
1508  1298
183  823
1061  976
489  429
1505  1353
737  1000
1610  1342
255  983
1219  753
1105  445
382  1940
1795  1223
1224  905
200  588
465  628
153  1241
1956  864
799  295
278  111
1269  1230
1564  456
719  1042
188  1703
1757  1086
753  214
1715  490
1786  1814
1992  1016
576  477
449  1969
344  144
978  1296
1711  573
39  1422
1026  268
547  1978
366  670
756  64
468  1515
866  992
1669  1942
479  520
1191  63
1401  155
1562  509
259  1977
1860  779
451  306
845  1641
1941  1838
990  64
1328  332
352  641
1955  1277
622  220
1589  950
1720  1917
1420  636
1  264
129  498
1176  336
1677  1542
1985  1135
207  1078
131  1035
642  1130
388  736
80  914
302  872
312  1620
1734  1308
1250  747
719  1336
1140  1938
1179  1058
1989  1777
743  288
1959  840
1407  510
504  1915
298  361
953  1479
537  1913
1820  442
413  305
1473  922
1247  737
1376  1958
1429  1888
983  1884
865  1697
853  1026
890  552
1715  248
1109  1814
794  1457
1472  1753
1266  823
1895  989
416  52
1306  464
481  1362
570  1883
1863  797
996  610
321  443
120  1319
1115  896
1501  350
330  1012
481  864
115  263
1650  1164
1159  1875
1661  1314
695  741
42  118
1264  1154
96  1536
311  584
346  1102
1494  250
1941  1890
1661  1963
1529  974
293  560
1523  479
920  65
1297  1107
590  582
302  279
318  1677
725  415
345  1305
1275  1826
493  639
208  1110
1435  1615
1111  1172
1176  893
273  797
40  209
121  1558
1204  298
1221  876
1998  1037
52  174
257  1355
271  929
85  385
1515  1587
545  1484
204  104
1915  1625
696  206
762  796
1741  609
1992  916
1028  1026
1506  860
1402  1585
844  991
1582  823
797  1320
597  605
847  1875
1014  513
1504  516
497  859
1288  1981
1835  737
986  558
1509  1816
287  1964
1419  330
401  663
1892  1166
984  208
991  1138
1081  534
311  994
1969  232
1746  889
1229  128
756  1287
145  1832
1805  1927
1225  626
1626  526
29  1279
631  400
616  1447
418  342
1401  313
607  712
1076  1838
976  225
1507  1402
266  1597
316  1073
1151  1790
22  299
1798  751
1408  1884
227  18
1092  1258
169  1121
135  65
753  807
775  40
1362  529
71  1111
534  970
1477  1519
913  1479
1708  996
1876  1528
181  1654
1096  31
791  1559
1373  1513
34  33
1393  533
1489  1897
139  482
1725  356
606  1207
655  1754
1357  686
389  506
1739  1370
1199  513
439  1674
337  734
1358  1402
1191  62
870  1828
739  1631
1360  1690
970  1738
1418  235
76  1979
1007  1578
1530  204
1944  1579
1324  1187
1365  881
1548  63
1453  386
418  241
1261  1054
1806  996
1639  1976
1386  1690
1174  1698
503  1540
913  1557
748  545
582  213
1631  560
1242  1885
90  1861
1995  1466
850  496
497  397
1971  1344
380  533
291  1480
783  1150
1440  869
1060  1424
1194  1213
1234  1335
72  622
1724  1146
507  2
496  1116
1183  1628
621  419
1407  419
128  384
236  1807
1957  1638
1195  1380
29  1874
1905  1047
1933  429
922  1327
1662  618
1848  1688
467  970
402  325
1355  80
176  406
811  375
1119  1385
627  615
1369  1318
1261  1907
201  756
1036  414
394  948
1920  245
545  766
842  9
86  798
547  1149
703  1545
393  1717
626  1172
1830  1343
411  1820
994  1301
833  486
659  1072
1718  776
1740  573
1899  1568
268  792
1969  1479
846  1877
508  211
639  383
1322  1716
403  523
1699  1576
812  1289
402  1252
935  976
132  1816
445  1300
1206  1239
154  1575
791  306
1086  717
336  595
1107  1164
566  1306
1232  731
1533  1886
1592  881
1834  263
182  902
190  53
1100  1392
1324  25
1359  1868
561  758
1474  1698
1806  950
256  1642
136  375
1758  1180
1309  1704
140  1304
928  1731
810  960
1127  649
495  1753
121  528
736  1137
1652  1937
1669  1603
115  16
796  834
1388  1395
484  551
1521  284
1362  1716
698  1923
58  698
1829  622
1933  888
489  1080
616  64
1112  1678
1958  1620
562  1901
1910  20
1950  139
411  1450
1778  1133
342  1516
1729  1433
407  1079
1310  1087
392  1476
929  55
1102  1178
1595  284
1982  1251
1489  1515
1964  1777
144  577
305  1782
180  1644
1344  794
1563  1905
157  618
862  454
148  1435
1632  1106
67  373
140  1332
1640  1955
53  10
1596  1500
809  1867
1554  151
261  1152
1089  248
927  470
1202  296
630  752
1138  1012
1250  1964
1972  1041
550  55
363  252
1394  827
62  949
499  392
606  775
56  1991
1718  406
506  760
1207  348
1175  1980
1327  632
1355  1092
920  686
797  195
1479  1343
1546  915
1331  1894
413  203
1916  1550
1428  343
1068  1135
1380  377
1225  268
1653  163
989  909
1275  568
1712  1014
55  1852
1382  1190
1435  230
504  1668
12  840
766  143
331  638
1358  788
1291  871
110  465
1452  1421
593  1971
1533  1557
656  1441
1868  233
408  434
121  590
1546  1274
1359  328
6  1691
156  392
1235  201
1084  1553
414  1556
346  83
735  920
1650  807
44  109
1965  1419
1567  39
482  1622
1231  1567
1513  1667
234  1733
93  1505
1684  1470
672  1811
1574  42
644  1236
1809  1834
1076  1910
349  1275
83  359
1254  1041
1046  1006
1043  540
174  439
1541  813
647  1639
1835  1001
1092  1634
1411  915
23  151
666  1836
1610  46
957  433
1855  182
1578  1192
538  390
539  510
956  805
172  642
1603  1520
1669  475
446  1826
1667  118
45  1427
748  959
1929  258
62  803
960  213
1418  881
674  106
430  1788
217  1711
1710  26
1282  3
1975  1997
571  1453
1997  1037
324  1416
474  199
1435  1388
414  1245
854  1329
1288  1326
1603  1011
1880  1347
174  947
1861  1949
81  1955
1934  1927
1311  1156
154  1835
1746  1968
776  919
718  489
1577  1293
88  974
353  15
38  491
1781  473
1598  1474
1756  1065
1441  81
1495  428
877  1716
1173  446
1625  1582
342  1471
897  563
690  1505
1104  101
656  361
515  1509
594  467
232  405
1012  1739
1782  1043
275  1431
1974  875
1643  327
1074  596
1241  594
1644  778
1915  1058
1787  1781
1645  1861
50  712
1275  1679
985  1474
1320  1860
165  892
759  1255
1963  1911
640  491
931  98
269  1377
388  1939
788  1512
715  259
965  1450
352  670
1444  731
665  1856
116  1469
1118  1148
470  1548
591  514
266  215
1960  1252
180  964
805  1197
1224  1822
70  63
1732  1893
304  781
1295  1473
950  5
1428  508
1611  16
1773  1756
1781  1399
1838  220
1459  1338
531  989
1867  1189
867  918
100  1002
733  1699
363  591
1771  1798
1330  1777
37  1571
1790  2000
1053  1890
1530  1234
598  1966
1  1995
1428  1882
1365  1397
976  314
59  178
1608  1492
897  1281
1112  1824
421  1614
446  1040
727  1943
1557  1437
208  1943
977  1585
963  1456
17  346
9  126
1657  1763
644  1135
471  1932
776  1099
1508  1899
702  1851
787  428
1848  900
62  792
1545  298
1717  1036
1515  1964
598  1459
77  1940
1451  1704
1739  1821
762  939
1147  1039
1083  1151
1710  920
1478  763
1808  1699
1961  432
1370  1741
1640  490
550  503
1844  1929
1508  445
306  1248
1003  1880
373  693
1735  1762
26  1060
975  1079
795  670
58  417
1026  739
1147  645
114  4
205  97
866  1116
224  1680
363  689
1222  1143
1570  1554
1953  1817
1133  1485
7  340
1901  1990
359  1364
696  1481
840  1977
628  218
624  1441
465  368
1252  657
144  498
1956  1528
260  855
117  1472
190  1597
1926  1419
1834  1482
965  871
1201  1976
1097  1455
1611  1543
261  1134
8  1477
419  1038
340  130
1550  687
1559  1610
811  1836
969  46
778  53
1939  656
1434  632
1535  1767
1896  1624
1432  207
379  1124
1920  1577
742  1280
273  1026
335  1445
1194  1945
166  660
1212  271
93  1887
86  1829
195  838
931  1077
358  1796
535  584
358  970
1615  739
1155  1216
1088  799
57  1801
1089  942
1899  931
1459  3
531  1009
175  836
685  1194
1166  1358
1771  715
375  1425
901  912
1474  172
1326  115
152  1180
559  1485
898  1702
943  1580
615  1582
154  1318
1093  1911
14  30
1937  1325
1932  1514
275  1555
1331  151
1749  406
1905  71
735  972
1123  1845
988  1999
1582  46
1361  1341
1168  1026
1584  564
1786  526
874  1799
5  1143
1571  1714
1194  1407
72  1367
800  300
209  586
585  170
1563  862
1100  1778
671  1931
1721  1933
157  658
1756  649
1525  1900
854  1590
1809  1063
1755  1237
680  1469
1108  1004
1086  1686
1043  887
1027  1549
611  10
1034  1727
726  1285
1269  1774
1355  1863
615  850
1708  431
695  423
174  1648
553  1652
283  750
1879  466
1889  1523
1102  1043
872  1464
610  921
958  1497
1146  708
1533  411
117  127
815  643
1050  1467
1512  49
555  1254
1364  1070
793  818
751  207
1981  458
1609  971
1713  1718
1347  1054
145  563
13  1641
186  1280
615  328
452  1844
1853  383
574  596
1709  1145
1078  859
1825  1681
1559  138
1278  1805
1086  1321
1011  122
102  1773
838  1907
325  1739
876  664
1923  552
1247  1651
1568  1672
1039  670
1825  1894
851  795
686  1298
689  261
1535  489
1517  1844
236  1558
252  1997
1014  741
724  1975
417  111
1891  264
1915  198
667  868
477  1090
1222  299
1854  1690
1656  902
1046  27
505  1189
821  1648
136  1534
801  15
749  17
1578  1579
149  1919
1757  173
559  1081
1842  1339
1480  342
1539  295
1485  947
1154  1516
1998  165
1536  288
630  1957
537  601
265  1643
1978  1025
1789  1774
1737  183
1040  1304
1590  351
808  323
1471  739
858  1520
644  1923
1902  470
1696  76
165  1120
1091  550
313  728
288  760
1355  437
1091  655
67  709
525  1735
86  1497
1309  330
416  1269
102  654
1817  635
729  1710
1032  603
9  356
270  1429
1931  1088
1529  1692
543  1266
403  1308
1827  796
105  289
1981  1415
1255  1583
1052  286
1430  1203
1860  1786
1441  1377
1602  1863
1346  1104
1223  35
293  1153
1766  1619
591  92
281  216
1546  1009
1363  1562
821  465
923  1683
947  471
1251  536
1471  764
1736  576
1503  1786
1640  1270
1390  1595
261  983
655  441
939  118
282  465
1449  337
1133  179
1972  1322
264  1679
604  667
231  1430
710  487
1329  1268
558  885
927  1088
200  1038
346  1434
1018  965
958  1424
1915  330
657  948
1194  1496
1543  832
1313  1652
1582  1459
1361  137
43  1205
1064  1832
176  642
755  817
1352  190
1548  389
1872  1498
428  1644
1232  1598
459  1199
1012  1766
1748  231
191  1925
1459  536
924  511
888  1229
916  1934
1426  364
1918  1877
442  342
1633  1226
546  1406
1223  1371
1369  1046
871  1294
677  389
606  436
1419  626
763  368
526  1693
306  1551
833  952
1973  1514
190  1779
642  839
1078  1504
1491  1221
1159  567
868  113
114  170
785  1741
667  1061
1841  683
1112  1719
366  1611
1579  1334
516  273
775  1314
116  188
1545  89
1899  1879
808  270
898  1590
1112  1046
559  1973
839  1547
439  131
842  689
1217  1474
92  555
243  1689
471  115
461  743
930  934
1404  68
1815  645
1708  255
670  83
917  1542
124  726
334  1998
1408  246
724  792
754  1359
1004  1685
654  1171
383  1424
408  377
377  1186
1705  414
763  19
1823  869
1544  1134
1378  1719
533  1487
655  572
1578  1106
1243  1130
12  881
1929  1078
429  1802
603  299
1972  550
1188  429
196  1245
1831  329
1367  105
76  493
1481  1452
60  1259
906  11
1960  1562
1028  1551
1623  460
1786  555
684  864
1777  382
481  967
1980  323
1243  1432
1412  174
1099  242
1147  184
1910  83
1331  1858
1941  1148
527  667
385  1870
1605  1223
94  541
1283  1833
1628  882
850  1901
506  1189
939  1854
1417  1197
1375  671
1220  863
778  1057
293  464
1240  76
1085  1999
200  1542
556  1397
169  484
150  209
1868  1215
269  553
1936  1381
339  1114
1014  474
1376  1191
1580  451
1182  1851
729  561
285  16
97  1052
1987  835
818  1214
176  1810
1752  1026
599  1276
1751  203
874  1617
619  635
1850  471
416  473
964  910
1671  977
23  364
1463  1479
1827  1946
1888  223
40  1076
1802  1588
1619  1959
1699  690
1380  506
1468  280
1964  302
441  840
1504  54
633  1088
1135  1135
125  246
37  328
1165  1048
221  1575
1504  223
113  1300
1722  202
15  1916
1698  1663
358  372
1217  678
830  967
484  999
772  1955
372  604
1894  556
1655  332
688  1681
1111  114
1754  944
8  1556
675  1200
160  360
1408  1270
927  1263
1955  1499
163  1065
537  1451
1008  461
957  967
1971  260
908  947
1189  590
705  1752
1539  590
696  1564
1499  1420
2  954
11  1093
1115  245
1712  661
782  1645
72  631
1665  471
1608  1957
230  1273
1887  269
1524  139
614  1881
781  1677
1120  906
536  528
1676  1271
1002  258
1363  1811
580  661
434  777
1346  501
1007  1924
317  1683
1596  1286
580  815
629  486
1993  1603
942  1987
15  265
1672  466
677  879
914  718
381  418
579  849
139  1659
498  1366
1982  1261
103  1515
475  1063
553  1039
656  1211
1382  995
1698  59
218  1353
831  1971
1846  1335
1763  1410
1893  785
1781  1977
440  1193
1243  671
1135  1958
1566  1681
1478  1313
1612  1504
431  1589
1072  1462
171  283
1448  1123
1097  1204
457  95
1913  1756
1315  1379
663  876
345  914
1012  493
1181  355
988  789
211  560
321  1907
334  684
604  249
477  226
1071  256
770  1766
1315  1116
898  422
1023  1231
558  1341
829  529
993  564
34  1260
378  772
508  623
1450  1295
214  1328
1845  854
1050  1376
1120  994
240  3
876  1048
174  1070
1019  1371
1759  1805
940  1948
256  1431
486  1527
664  205
753  1075
989  1049
1759  667
1991  1961
164  712
617  1219
992  1966
1777  1157
1291  882
1973  28
15  365
990  1481
232  1249
589  538
1395  1843
1081  1084
1501  522
287  1651
1673  1849
1882  1773
1223  431
891  245
1307  1286
1411  1346
1194  1064
1537  1747
1695  998
501  1405
1785  1885
907  1922
1925  1123
1131  1440
616  297
483  1915
114  1403
637  1507
437  209
1407  96
974  341
525  227
341  1669
1410  661
1315  989
1933  1836
1374  1358
1553  128
384  1655
1396  97
1131  305
1791  695
592  1997
861  346
566  1123
13  1365
1919  1476
35  1371
970  690
292  1017
1331  974
1209  1476
1441  1313
523  1117
214  1196
223  1092
1765  346
1663  1302
1967  744
634  1669
1158  684
693  327
1687  572
1647  256
537  1559
632  616
1012  1632
207  1009
1296  1628
511  786
924  1885
484  1152
1869  1977
1817  1358
686  376
1991  1778
1940  1573
1031  1067
1880  618
1062  500
682  1894
257  1642
1292  1494
1669  515
1332  138
1489  947
300  468
1847  508
1392  375
1115  353
364  1899
1980  1841
628  682
254  1704
526  595
563  1034
921  1284
1393  290
864  1072
1712  1470
1687  1618
1233  1000
560  1957
997  1314
1149  557
1882  176
720  922
993  333
1047  1006
1630  882
1487  1799
1867  252
594  1954
105  13
1556  735
1952  259
1588  674
1808  1472
1993  805
240  1303
431  1965
30  1696
1008  435
1806  1578
1831  659
1017  1805
1792  871
138  1490
1001  768
1775  820
37  1544
874  391
1653  1231
260  948
501  484
1852  1823
1376  302
1350  1702
74  1274
3  528
1485  338
986  1484
851  847
395  674
1845  735
965  150
786  807
387  224
1065  1545
1746  1498
22  1292
1641  1682
851  501
793  816
1217  492
747  330
92  887
224  1832
433  1807
1986  425
1425  1353
320  1300
49  25
1600  1692
1009  1006
1074  812
257  1560
1779  1945
492  780
617  661
1662  1301
95  1914
1444  735
1524  1545
760  1960
804  1981
1370  748
1529  1254
195  173
1115  314
1464  537
1821  855
1344  191
690  1913
717  365
515  536
1902  1744
1437  1065
1536  375
1182  1212
1683  1620
1872  1574
857  1947
1326  531
443  1123
955  641
304  1012
722  475
235  1160
684  1405
782  859
1843  1656
1344  1482
1439  1829
1009  1022
1808  1491
1501  873
1212  1631
345  798
1857  1447
1779  1145
1765  1084
1509  1832
369  505
1484  784
66  712
1524  584
1052  739
255  467
588  1895
1831  1925
1150  1602
1404  3
240  680
643  41
1712  227
333  411
421  405
36  1770
791  27
1543  966
462  1500
1290  1445
1538  1533
1818  551
1705  421
745  1743
1473  716
1870  843
266  1680
392  211
1260  719
704  1987
1519  581
1773  355
31  626
876  1743
1600  1520
1990  511
1299  1197
1290  270
1080  1565
39  273
1075  1462
498  1547
1224  1555
325  561
92  912
778  964
1268  1723
1857  1546
882  384
412  1431
587  1203
1324  1874
245  77
481  368
117  1620
1730  836
616  0
1429  883
1246  219
1507  233
1974  128
3  1416
696  1626
531  6
969  1136
549  1938
1413  619
958  491
1759  1501
1302  1462
647  1617
1134  582
1122  193
604  100
478  85
1025  789
1950  1370
603  1141
224  459
150  1751
1424  1510
1882  387
1851  126
532  1971
718  308
1948  782
1668  111
1973  238
502  1956
654  351
580  1704
1293  1969
1671  1200
106  1553
331  325
174  1051
1913  903
152  1114
1101  892
546  491
518  1155
727  1010
882  1988
870  1816
931  492
1952  1875
1690  1397
833  1388
1889  10
1919  941
1933  54
354  2000
1064  469
1887  531
1581  460
259  1709
1472  1073
1034  1773
840  627
837  1065
1894  1236
708  1694
1728  1352
1948  347
1674  687
582  989
1150  1709
1373  1543
683  1005
1839  471
1795  460
583  1930
744  317
1831  250
1388  1417
93  1304
1313  984
1154  1476
621  506
1784  291
981  1319
1477  1015
618  1782
873  211
1953  1258
1079  1338
517  541
996  532
1721  1960
1529  1893
1866  674
1429  829
904  223
1279  599
1183  282
339  188
1843  185
1419  414
1513  588
204  781
1497  1578
1610  682
677  1957
726  483
691  1455
1829  701
1679  912
1862  1474
1172  1406
357  866
723  1682
787  689
1154  1614
1073  1278
1204  491
802  1140
905  1904
380  1972
1389  188
766  818
811  301
663  903
268  203
551  79
1688  1401
932  1880
1308  716
986  1732
1711  1959
1942  80
1049  479
424  1399
1833  404
643  1269
1920  1591
1722  900
1277  918
1728  845
1556  1684
678  1513
981  1147
156  257
467  1171
1464  1184
364  1711
400  258
557  1513
133  1490
1548  523
1637  355
168  594
275  491
160  129
1422  1800
1568  999
536  197
346  103
1264  1366
1484  1244
1350  537
947  229
1908  588
1492  149
446  1865
1586  1695
1193  1577
1326  1344
952  1004
562  1862
1584  854
258  12
1037  455
1949  697
1353  249
1602  572
568  942
1090  735
1337  1340
1269  70
433  717
478  1732
620  662
1320  185
1486  1160
35  1547
1586  220
281  775
1089  768
1034  168
1304  1454
297  25
1599  1914
579  460
1870  828
26  722
1110  871
576  534
206  1675
1790  640
1414  1559
814  1355
1565  439
1233  1041
573  1421
298  1217
321  1508
692  7
70  888
1633  1068
1615  1272
1093  987
1746  1100
1958  1915
855  1092
467  714
1246  387
1248  1002
1221  1457
728  173
602  1410
892  725
948  508
168  1907
488  466
352  686
472  1056
381  1315
267  1494
1607  1256
465  20
48  594
1986  1422
1898  1635
287  1407
331  176
852  67
432  382
817  1801
232  1734
1064  1706
752  1200
1681  1351
232  1382
464  1232
122  744
1607  1332
253  1517
38  25
606  1233
1309  239
1437  1599
611  432
400  1892
622  1285
1790  1743
862  1007
1024  935
1524  1941
252  1687
370  509
1224  1690
484  1799
1364  1991
997  1366
838  38
183  1880
1669  565
1367  369
296  779
679  1551
83  1429
1428  39
690  1603
980  1910
612  1189
226  1912
753  77
1066  1621
756  170
1184  1405
1543  730
563  1653
1769  276
1176  1142
800  909
821  2
848  696
520  498
61  1103
1737  276
1009  1525
1563  786
1365  1705
1834  1463
1050  1653
259  1777
57  609
1572  123
1826  1952
764  191
1980  250
1560  1454
917  1280
409  1736
1560  1380
1270  778
1540  1995
1763  340
1420  443
709  1227
914  1274
1572  1016
323  1525
1091  1579
1250  1419
133  1122
158  714
1556  516
1180  1445
376  1211
1323  359
1072  169
397  1640
1064  1568
1125  268
1351  459
348  1286
1112  1839
1772  1648
896  534
1424  237
1365  487
1662  1082
1537  120
490  188
809  440
1398  1351
194  350
204  1234
854  1110
978  315
1431  1565
162  1797
1941  1757
623  372
213  1021
85  127
342  1039
598  273
835  679
1322  770
1041  1998
1544  1745
1342  967
1807  930
1210  1066
934  953
214  478
815  304
243  1107
1595  236
306  234
1599  579
1430  657
1359  1822
1082  389
1356  387
1950  1929
904  479
947  789
1239  1934
80  415
292  851
1014  851
188  826
730  690
561  1883
1292  33
1326  1205
1676  106
1876  1354
1105  1999
985  1739
436  1905
1132  1757
379  94
65  55
1129  237
1725  615
932  1360
1475  569
1196  939
1495  110
1147  297
520  288
1319  226
585  37
688  310
790  1261
688  737
89  1277
943  769
1408  174
1184  1903
643  349
1018  84
850  1180
168  1017
1508  221
26  1256
1762  709
963  625
230  121
1324  118
352  6
1921  1133
213  1421
1623  1034
1218  57
1787  466
881  390
562  327
396  161
155  1721
1666  550
638  1029
982  1009
82  1319
142  1816
1546  976
91  1865
1926  1581
103  758
1325  1782
486  476
1708  211
1493  1182
1882  1573
337  298
895  248
1932  1270
1927  1431
494  78
262  988
204  1661
130  1723
1179  138
1151  34
619  368
1629  173
1656  83
164  794
660  1629
6  1268
239  1928
518  436
1075  1882
1989  1648
628  245
1931  346
507  677
1121  796
1087  1387
1516  1247
1618  551
1575  896
1456  388
1486  658
709  1060
1065  121
1681  1115
830  1034
1604  1606
1462  1519
652  781
1870  1993
1432  1173
869  1396
1523  764
1966  1665
1854  936
670  964
208  1856
620  1215
1955  950
593  1508
765  747
357  1602
