27 35 28 33 28 34 28 35 28 36 29 33
22 38 22 39 22 40 22 41 23 36 23 37 23 38 23 39 23 40 23 41 24 36 24 37 24 38 24 39 24 40 24 41
22 6 22 7 22 8 22 9 23 5 23 6 23 7 23 8 23 9 24 7
6 35 7 35 7 36 8 35 8 36 9 36
10 36 10 37 10 39 10 40 11 35 11 36 11 37 11 38 11 39 11 40 12 37 12 38 13 38
11 29 11 30 12 28 12 29 12 30 12 31 13 28 13 29 13 30 13 31 13 32 14 28 14 29 14 30 14 31 14 32
18 28 18 29 18 30 18 31 18 32 19 28 19 29 19 30 19 31 20 28 20 29 20 30 20 31 20 32 21 32
18 19 18 20 18 21 18 22 19 19
11 17 11 20 12 14 12 15 12 16 12 17 12 18 12 19 12 20 13 14 13 15
7 34 8 34
31 9 31 10 32 8 32 10 32 11 33 6 33 7 33 8 33 9 33 10 33 11 33 12 34 7 34 12 34 13 35 7
31 12 31 13 32 12 32 13 32 14
24 0 24 1 25 0
22 22 23 20 23 21 23 22
18 17 18 18 19 16 19 17 19 18 20 15 20 16 20 17 21 15 22 15
14 45 14 47 14 48 15 45 15 46 15 47 16 47 17 47 18 46 18 47 18 48
12 36 12 39 12 40 13 36 13 37 13 39 14 36 14 37 14 38 14 39 15 39 16 39 16 40
30 19 30 20 30 22 31 19 31 20 31 21 31 22 31 23 32 19 32 21 32 22 32 23
0 27 0 28 1 27 1 28 1 29 2 26 2 27 2 28 2 29 3 26 3 27 3 28 3 29 4 26 4 27 5 26 6 25 6 26
29 16 30 15 30 16 31 16 31 17 31 18 32 17 32 18
34 19 35 19
17 16 17 17 18 15 18 16 19 15
19 42 19 43 19 44 19 45 20 42 20 43 20 44 20 45 21 42 21 43 21 44 21 45 22 45
37 25 38 25 38 26 38 27 39 27
24 19 24 20 24 21 24 22 25 20 25 21 25 22
29 34 29 35 29 36 30 33 30 34 30 35 30 36 31 33 31 34 31 35 31 36 32 32 32 33 32 34 32 35 32 36
15 18 16 18 16 19 16 20 16 21 16 22 16 23 16 24 17 18 17 19 17 20 17 21 17 22 17 23
26 24 26 25 26 26 26 27 27 23 27 24 27 25 27 26 27 27 28 25 28 27
25 19 26 18 26 19 26 20 26 21 26 22 27 19 27 21
24 47 24 48 24 49 24 50 24 51 25 48 25 49 25 50 25 51 25 52 26 48
13 13 14 12 14 13 15 11 15 12 15 13 16 11 16 12 16 13 16 14 17 10 17 11 17 12 17 13 18 10 18 11 18 12
27 18 27 20 27 22 28 18 28 19 28 20 28 21 28 22 28 23 29 19 29 20 29 21 29 22 29 23 30 21 30 23
25 23 25 24 25 25 25 26 25 27 26 23
16 33 16 34 17 34 17 35
22 42 22 43 22 44 23 42 23 43 23 44 23 45
13 25 13 26 13 27 14 24 14 25 14 26 14 27 15 24 15 25 15 26 15 27 16 25 16 26 16 27 17 24 17 25 18 25
28 14 28 15 28 16 28 17 29 15 29 17 29 18 30 17
29 32 30 28 30 29 30 30 30 31 30 32 31 28 31 29 31 30 31 31 31 32 32 28 32 29 32 30 32 31 33 28 33 29 33 30
25 33 25 36 26 33 26 34 26 35 26 36 27 33 27 34
12 33 12 35 13 33 13 34 13 35 14 33 14 34 14 35 15 32 15 33 15 34 15 35 15 36 16 35 16 36 17 36
12 43 13 42 13 43 14 42 14 44 15 42 15 44 16 42 16 43 16 44 17 44 18 44
24 32 24 33 24 34 24 35 25 34 25 35
22 10 22 11 22 12 22 13 22 14 23 10 23 11 23 12 23 13
10 15 10 16 10 17 10 18 10 19 11 15 11 18 11 19
24 57 25 53 25 54 25 55 25 56 25 57 26 49 26 50 26 51 26 52 26 53 26 54 26 55 26 56 27 49 27 50 27 51 27 52 27 53 28 49
32 20 33 19 33 20 33 21 33 22 33 23 34 20 34 21 34 22 34 23 35 20 35 21 35 22 35 23 36 22 36 23 37 23
20 18 20 19 21 16 21 17 21 18
4 28 4 29 5 27 5 28 5 29 5 30 6 27 6 28 6 29 6 30 7 26 7 27 7 28 7 30 8 26
13 16 13 17 13 18 14 14 14 15 14 16 14 17 14 18 15 14 15 15 15 16 15 17 16 15 16 16 16 17 17 14 17 15 18 14
12 24 12 25 12 26 12 27 13 24
15 37 15 38 16 37 17 37 17 38 18 37 18 38 18 39
15 28 15 29 15 30 15 31 16 28 16 29 16 30 16 31 16 32 17 28 17 29 17 30 17 31 17 32
24 13 24 14
24 42 24 43 24 44 24 45 24 46 25 43 25 44 25 45 25 46 25 47 26 42 26 43
33 31 33 32 34 28 34 29 34 30 34 31 34 32 35 28 35 29 35 30 35 31 36 28 36 29 36 30 36 31 37 28 37 29 37 30
31 24 32 24 32 25 32 26 32 27 33 24 33 25 33 26 33 27 34 24 34 25 34 26 34 27 35 24 35 25 35 27
24 2 24 3 24 4 24 5 24 6 25 1 25 2 25 3 25 4 25 5 26 2 26 3 26 4 26 5
6 31 6 32 7 31 7 32 8 31 8 32 8 33 9 31 9 32 9 33 9 34 9 35 10 31 10 32 10 33 10 35
27 42 27 43
3 30 4 30 4 31 4 32 5 31 5 32 5 33
37 24 38 24 39 24 39 25 39 26 39 28 40 25 40 26 40 27 40 28 41 25
17 26 17 27 18 23 18 24 18 26 18 27 19 23 19 24 19 25 19 26 19 27 20 26 20 27
18 40 19 37 19 39 19 40 19 41 20 36 20 37 20 39 20 40 20 41 21 37 21 38 21 39 21 40 21 41 22 37
21 28 21 29 21 30 21 31 22 28 22 29 22 30 22 31 22 32 23 28 23 29 23 30 23 31 23 32 24 28 24 29 24 30 24 31 25 31 25 32
19 47 19 48 20 46 20 47 20 48 20 49 21 46 21 47 21 49 22 49 22 50
26 44 26 45 27 44 28 41 28 42 28 43 28 44 29 41
7 29 8 27 8 28 8 29 8 30 9 27 9 28 9 29 9 30 10 26 10 27 10 28 10 29 10 30 11 26 11 27 11 28
24 8 24 9 24 10 24 11 24 12 25 6 25 7 25 8 25 9 25 10 25 11 26 6 26 7 26 8 26 11 27 7 27 8
14 41 15 41 16 41 17 40 17 41 18 41
20 51 20 52 20 53 21 50 21 51 21 52 21 53 21 54 22 51 22 52 22 53 22 54 23 51 23 52 23 53 23 54 23 55 23 56
26 0 26 1 27 1 27 2 28 1 28 3 29 0 29 1 29 2 29 3 30 2 30 3 30 4 31 3 31 4 32 4
18 13 19 9 19 10 19 11 19 12 19 13 19 14 20 9 20 10 20 11 20 12 20 13 20 14 21 8 21 9 21 10 21 11 21 12 21 13 21 14
19 7 19 8 20 6 20 7 20 8 21 6 21 7
25 28 25 29 25 30
17 33 18 33 18 34 19 33 19 34 19 35 20 33 20 34 20 35 21 35 21 36 22 36
28 10 28 11 28 13 29 10 29 11 29 12 29 13 29 14 30 8 30 9 30 10 30 11 30 12 30 13 30 14 31 8 31 11 31 14
21 48 22 46 22 47 22 48 23 46 23 47 23 48 23 49 23 50
26 41 27 36 27 37 27 38 27 39 27 40 27 41 28 37 28 38 28 39 28 40 29 37 29 38
24 15 24 16 24 17 24 18 25 13 25 14 25 15 25 16 25 17 25 18 26 13 26 14 26 15 26 16 26 17 27 14 27 15 27 16 27 17
20 24 20 25 21 24
12 12 13 12
25 37 25 38 25 39 25 40 25 41 25 42 26 37 26 38 26 39 26 40
28 24 28 26 29 24 29 25 29 26 29 27 30 24 30 25 30 26 30 27 31 25 31 26 31 27
11 11 11 12 12 11 13 11
34 16 34 17 35 16 35 17 35 18 36 17 36 18 36 19 36 20 36 21 37 17 37 18 37 19 37 20 37 21 38 20 38 21
22 16 22 17 22 18 23 14 23 15 23 16 23 17 23 18
21 33 21 34 22 34 22 35 23 35
25 12 26 9 26 10 26 12 27 9 27 10 27 11 27 12 27 13 28 9 28 12 29 9
21 23 21 25 21 26 21 27 22 23 22 24 22 25 22 26 22 27 23 23 23 24 23 25 23 26 23 27 24 23 24 24 24 25 24 26 24 27
22 33 23 33 23 34
27 3 27 4 27 5 27 6 28 4 28 5 28 6 28 7 28 8 29 4 29 5 29 7 29 8 30 5 30 6 30 7 31 5 31 7 32 7
10 34 11 31 11 32 11 33 11 34 12 32 12 34
26 28 26 29 26 30 26 31 26 32 27 28 27 29 27 30 27 31 27 32 28 28 28 29 28 30 28 31 28 32 29 28 29 29 29 30 29 31
8 38 8 39 9 38 9 39 9 40 9 41 10 38 10 41
12 22 12 23 13 19 13 20 13 21 13 22 13 23 14 19 14 20 14 21 14 22 14 23 15 19 15 20 15 21 15 22 15 23
24 52 24 53 24 54 24 55 24 56
35 26 36 24 36 25 36 26 36 27 37 26 37 27
40 24 41 24 41 26 41 27 42 24 42 25 42 26 42 27 43 27
10 25 11 21 11 22 11 23 11 24 11 25 12 21
19 20 19 21 19 22 20 20 20 21 20 22 20 23 21 19 21 20 21 21 21 22 22 19 22 20 22 21 23 19
